1.000000000000000021e-02 0.000000000000000000e+00 0.000000000000000000e+00 0.000000000000000000e+00 0.000000000000000000e+00
2.209459459459459443e-02 0.000000000000000000e+00 0.000000000000000000e+00 0.000000000000000000e+00 0.000000000000000000e+00
3.418918918918918692e-02 0.000000000000000000e+00 0.000000000000000000e+00 0.000000000000000000e+00 0.000000000000000000e+00
4.628378378378378288e-02 0.000000000000000000e+00 0.000000000000000000e+00 0.000000000000000000e+00 0.000000000000000000e+00
5.837837837837837884e-02 0.000000000000000000e+00 0.000000000000000000e+00 0.000000000000000000e+00 0.000000000000000000e+00
7.047297297297297480e-02 0.000000000000000000e+00 0.000000000000000000e+00 0.000000000000000000e+00 0.000000000000000000e+00
8.256756756756755689e-02 0.000000000000000000e+00 0.000000000000000000e+00 0.000000000000000000e+00 0.000000000000000000e+00
9.466216216216215285e-02 0.000000000000000000e+00 0.000000000000000000e+00 0.000000000000000000e+00 0.000000000000000000e+00
1.067567567567567488e-01 0.000000000000000000e+00 0.000000000000000000e+00 0.000000000000000000e+00 0.000000000000000000e+00
1.188513513513513448e-01 0.000000000000000000e+00 0.000000000000000000e+00 0.000000000000000000e+00 0.000000000000000000e+00
1.309459459459459407e-01 0.000000000000000000e+00 0.000000000000000000e+00 0.000000000000000000e+00 0.000000000000000000e+00
1.430405405405405506e-01 0.000000000000000000e+00 0.000000000000000000e+00 0.000000000000000000e+00 0.000000000000000000e+00
1.551351351351351326e-01 0.000000000000000000e+00 0.000000000000000000e+00 0.000000000000000000e+00 0.000000000000000000e+00
1.672297297297297425e-01 0.000000000000000000e+00 0.000000000000000000e+00 0.000000000000000000e+00 0.000000000000000000e+00
1.793243243243243246e-01 0.000000000000000000e+00 0.000000000000000000e+00 0.000000000000000000e+00 0.000000000000000000e+00
1.914189189189189344e-01 0.000000000000000000e+00 0.000000000000000000e+00 0.000000000000000000e+00 0.000000000000000000e+00
2.035135135135135165e-01 0.000000000000000000e+00 0.000000000000000000e+00 0.000000000000000000e+00 0.000000000000000000e+00
2.156081081081080986e-01 0.000000000000000000e+00 0.000000000000000000e+00 0.000000000000000000e+00 0.000000000000000000e+00
2.277027027027027084e-01 0.000000000000000000e+00 0.000000000000000000e+00 0.000000000000000000e+00 0.000000000000000000e+00
2.397972972972972905e-01 0.000000000000000000e+00 0.000000000000000000e+00 0.000000000000000000e+00 0.000000000000000000e+00
2.518918918918918726e-01 0.000000000000000000e+00 0.000000000000000000e+00 0.000000000000000000e+00 0.000000000000000000e+00
2.639864864864864824e-01 0.000000000000000000e+00 0.000000000000000000e+00 0.000000000000000000e+00 0.000000000000000000e+00
2.760810810810810922e-01 1.482791216216216568e-01 0.000000000000000000e+00 0.000000000000000000e+00 0.000000000000000000e+00
2.881756756756757021e-01 1.846342635135136412e-01 0.000000000000000000e+00 0.000000000000000000e+00 0.000000000000000000e+00
3.002702702702702564e-01 2.350350270270270270e-01 0.000000000000000000e+00 0.000000000000000000e+00 0.000000000000000000e+00
3.123648648648648662e-01 3.097988783783783839e-01 0.000000000000000000e+00 0.000000000000000000e+00 0.000000000000000000e+00
3.244594594594594761e-01 4.745345135135136116e-01 0.000000000000000000e+00 0.000000000000000000e+00 0.000000000000000000e+00
3.365540540540540304e-01 7.532143445945937987e-01 0.000000000000000000e+00 0.000000000000000000e+00 0.000000000000000000e+00
3.486486486486486402e-01 1.128218135135135469e+00 0.000000000000000000e+00 0.000000000000000000e+00 0.000000000000000000e+00
3.607432432432432501e-01 1.781566466216217393e+00 0.000000000000000000e+00 0.000000000000000000e+00 0.000000000000000000e+00
3.728378378378378599e-01 2.610232797297300067e+00 0.000000000000000000e+00 0.000000000000000000e+00 0.000000000000000000e+00
3.849324324324324142e-01 3.896564290540537545e+00 0.000000000000000000e+00 0.000000000000000000e+00 0.000000000000000000e+00
3.970270270270270241e-01 5.332426351351351457e+00 2.218905135135135209e-01 0.000000000000000000e+00 0.000000000000000000e+00
4.091216216216216339e-01 6.876122956081085924e+00 2.083373108108107774e-01 0.000000000000000000e+00 0.000000000000000000e+00
4.212162162162161883e-01 7.760009939189188799e+00 2.228908243243243048e-01 0.000000000000000000e+00 0.000000000000000000e+00
4.333108108108107981e-01 8.495851189189188801e+00 2.607275506756756012e-01 0.000000000000000000e+00 0.000000000000000000e+00
4.454054054054054079e-01 8.976006594594593935e+00 3.544963378378378493e-01 0.000000000000000000e+00 0.000000000000000000e+00
4.575000000000000178e-01 9.485875125000001518e+00 4.705442500000002193e-01 0.000000000000000000e+00 0.000000000000000000e+00
4.695945945945945721e-01 1.001394629054053986e+01 6.002406351351351477e-01 0.000000000000000000e+00 0.000000000000000000e+00
4.816891891891891819e-01 1.067138989527026993e+01 8.883606013513515309e-01 0.000000000000000000e+00 0.000000000000000000e+00
4.937837837837837918e-01 1.108842010810810841e+01 1.335818945945946634e+00 0.000000000000000000e+00 0.000000000000000000e+00
5.058783783783783461e-01 1.096754431081081016e+01 2.121184469594592059e+00 0.000000000000000000e+00 0.000000000000000000e+00
5.179729729729729559e-01 1.013888059459459789e+01 3.626650574324319365e+00 0.000000000000000000e+00 0.000000000000000000e+00
5.300675675675675658e-01 8.935977743243249449e+00 5.511434861486478987e+00 0.000000000000000000e+00 0.000000000000000000e+00
5.421621621621621756e-01 6.246993783783789667e+00 8.653397067567562218e+00 0.000000000000000000e+00 0.000000000000000000e+00
5.542567567567567854e-01 3.935884462837837550e+00 1.122882262162162270e+01 0.000000000000000000e+00 0.000000000000000000e+00
5.663513513513513953e-01 2.320544317567557524e+00 1.276110132432433275e+01 0.000000000000000000e+00 0.000000000000000000e+00
5.784459459459458941e-01 1.348313547297297799e+00 1.421662115878378252e+01 0.000000000000000000e+00 0.000000000000000000e+00
5.905405405405405039e-01 6.757454594594596298e-01 1.557895891891891971e+01 2.818393243243242363e-01 0.000000000000000000e+00
6.026351351351351138e-01 4.699952398648649110e-01 1.565832122972972940e+01 4.282909560810810867e-01 0.000000000000000000e+00
6.147297297297297236e-01 3.170091756756756585e-01 1.594599999324324280e+01 6.382460675675676320e-01 0.000000000000000000e+00
6.268243243243243334e-01 2.461844391891891415e-01 1.655805723310810862e+01 9.470851689189190292e-01 0.000000000000000000e+00
6.389189189189189433e-01 1.796621891891891365e-01 1.629007983783783686e+01 1.390416216216216583e+00 0.000000000000000000e+00
6.510135135135135531e-01 0.000000000000000000e+00 1.578176841554054199e+01 1.900304074324325354e+00 0.000000000000000000e+00
6.631081081081080519e-01 0.000000000000000000e+00 1.607171757432432457e+01 2.614312094594589020e+00 0.000000000000000000e+00
6.752027027027026618e-01 0.000000000000000000e+00 1.538228916554055026e+01 3.763005665540532174e+00 1.697412972972972556e-01
6.872972972972972716e-01 0.000000000000000000e+00 1.339550345945945864e+01 5.487516459459461871e+00 1.744727027027027089e-01
6.993918918918918814e-01 0.000000000000000000e+00 1.104751686148648027e+01 7.770873466216222880e+00 2.189811182432434000e-01
7.114864864864864913e-01 0.000000000000000000e+00 8.652869689189181202e+00 1.019870241216217011e+01 2.892720540540545948e-01
7.235810810810811011e-01 0.000000000000000000e+00 6.667008614864856852e+00 1.250987240202703532e+01 4.618691756756763134e-01
7.356756756756757110e-01 0.000000000000000000e+00 4.874237148648642659e+00 1.473847805405406319e+01 6.494398648648657124e-01
7.477702702702702098e-01 0.000000000000000000e+00 3.299840834459467409e+00 1.687370737162161305e+01 8.539449459459449443e-01
7.598648648648648196e-01 0.000000000000000000e+00 2.128656074324329239e+00 1.791115134459458957e+01 1.370325263513510805e+00
7.719594594594594295e-01 0.000000000000000000e+00 1.146200912162163910e+00 1.859347936486486574e+01 2.083680939189183512e+00
7.840540540540540393e-01 0.000000000000000000e+00 6.685357837837855310e-01 1.872242951351351437e+01 3.451259081081076374e+00
7.961486486486486491e-01 0.000000000000000000e+00 3.696333918918923156e-01 1.845699826689189393e+01 4.852709513513508988e+00
8.082432432432432590e-01 0.000000000000000000e+00 2.436004594594598227e-01 1.781018720945946043e+01 6.286915567567563201e+00
8.203378378378378688e-01 0.000000000000000000e+00 0.000000000000000000e+00 1.616145565202702272e+01 7.464073868243245258e+00
8.324324324324323676e-01 0.000000000000000000e+00 0.000000000000000000e+00 1.435089098648649042e+01 8.687443337837834179e+00
8.445270270270269775e-01 0.000000000000000000e+00 0.000000000000000000e+00 1.257380378040540947e+01 1.026788573986486242e+01
8.566216216216215873e-01 0.000000000000000000e+00 0.000000000000000000e+00 1.085136415540540789e+01 1.148628204054053903e+01
8.687162162162161971e-01 0.000000000000000000e+00 0.000000000000000000e+00 9.174092429054056197e+00 1.240543615540540401e+01
8.808108108108108070e-01 0.000000000000000000e+00 0.000000000000000000e+00 7.560954756756757433e+00 1.297737189189189166e+01
8.929054054054054168e-01 0.000000000000000000e+00 0.000000000000000000e+00 5.965234533783783988e+00 1.341246204054053948e+01
9.050000000000000266e-01 0.000000000000000000e+00 0.000000000000000000e+00 4.400514499999999884e+00 1.354514700000000005e+01
9.170945945945945255e-01 0.000000000000000000e+00 0.000000000000000000e+00 3.236451054054061860e+00 1.350927255067567678e+01
9.291891891891891353e-01 0.000000000000000000e+00 0.000000000000000000e+00 2.354755108108115724e+00 1.335460385135135120e+01
9.412837837837837451e-01 0.000000000000000000e+00 0.000000000000000000e+00 1.764910844594596240e+00 1.299171661824324353e+01
9.533783783783783550e-01 0.000000000000000000e+00 0.000000000000000000e+00 1.258677148648648103e+00 1.241171132432432245e+01
9.654729729729729648e-01 0.000000000000000000e+00 0.000000000000000000e+00 9.140525608108100997e-01 1.131014290540540301e+01
9.775675675675675746e-01 0.000000000000000000e+00 0.000000000000000000e+00 6.914659729729726312e-01 1.019682243243243036e+01
9.896621621621621845e-01 0.000000000000000000e+00 0.000000000000000000e+00 5.418842601351347987e-01 9.076471712837836492e+00
1.001756756756756683e+00 0.000000000000000000e+00 0.000000000000000000e+00 4.097301756756764890e-01 7.993569790540547615e+00
1.013851351351351404e+00 0.000000000000000000e+00 0.000000000000000000e+00 3.060105439189187981e-01 6.911540054054050586e+00
1.025945945945945903e+00 0.000000000000000000e+00 0.000000000000000000e+00 2.620787432432434838e-01 5.829073837837843719e+00
1.038040540540540624e+00 0.000000000000000000e+00 0.000000000000000000e+00 0.000000000000000000e+00 5.018306733108105711e+00
1.050135135135135123e+00 0.000000000000000000e+00 0.000000000000000000e+00 0.000000000000000000e+00 4.344426250000003265e+00
1.062229729729729621e+00 0.000000000000000000e+00 0.000000000000000000e+00 0.000000000000000000e+00 3.661295125000008976e+00
1.074324324324324342e+00 0.000000000000000000e+00 0.000000000000000000e+00 0.000000000000000000e+00 3.030030378378380185e+00
1.086418918918918841e+00 0.000000000000000000e+00 0.000000000000000000e+00 0.000000000000000000e+00 2.491963030405412560e+00
1.098513513513513562e+00 0.000000000000000000e+00 0.000000000000000000e+00 0.000000000000000000e+00 2.016269939189190730e+00
1.110608108108108061e+00 0.000000000000000000e+00 0.000000000000000000e+00 0.000000000000000000e+00 1.573776476351354869e+00
1.122702702702702782e+00 0.000000000000000000e+00 0.000000000000000000e+00 0.000000000000000000e+00 1.262803283783781039e+00
1.134797297297297280e+00 0.000000000000000000e+00 0.000000000000000000e+00 0.000000000000000000e+00 1.006716689189188108e+00
1.146891891891891779e+00 0.000000000000000000e+00 0.000000000000000000e+00 0.000000000000000000e+00 8.341195675675678878e-01
1.158986486486486500e+00 0.000000000000000000e+00 0.000000000000000000e+00 0.000000000000000000e+00 6.595665371621608486e-01
1.171081081081080999e+00 0.000000000000000000e+00 0.000000000000000000e+00 0.000000000000000000e+00 4.900031891891892810e-01
1.183175675675675720e+00 0.000000000000000000e+00 0.000000000000000000e+00 0.000000000000000000e+00 3.781638682432422738e-01
1.195270270270270219e+00 0.000000000000000000e+00 0.000000000000000000e+00 0.000000000000000000e+00 2.814997635135135234e-01
1.207364864864864940e+00 0.000000000000000000e+00 0.000000000000000000e+00 0.000000000000000000e+00 2.044856182432425451e-01
1.219459459459459438e+00 0.000000000000000000e+00 0.000000000000000000e+00 0.000000000000000000e+00 1.745460000000000067e-01
1.231554054054053937e+00 0.000000000000000000e+00 0.000000000000000000e+00 0.000000000000000000e+00 0.000000000000000000e+00
1.243648648648648658e+00 0.000000000000000000e+00 0.000000000000000000e+00 0.000000000000000000e+00 0.000000000000000000e+00
1.255743243243243157e+00 0.000000000000000000e+00 0.000000000000000000e+00 0.000000000000000000e+00 0.000000000000000000e+00
1.267837837837837878e+00 0.000000000000000000e+00 0.000000000000000000e+00 0.000000000000000000e+00 0.000000000000000000e+00
1.279932432432432377e+00 0.000000000000000000e+00 0.000000000000000000e+00 0.000000000000000000e+00 0.000000000000000000e+00
1.292027027027027097e+00 0.000000000000000000e+00 0.000000000000000000e+00 0.000000000000000000e+00 0.000000000000000000e+00
1.304121621621621596e+00 0.000000000000000000e+00 0.000000000000000000e+00 0.000000000000000000e+00 0.000000000000000000e+00
1.316216216216216095e+00 0.000000000000000000e+00 0.000000000000000000e+00 0.000000000000000000e+00 0.000000000000000000e+00
1.328310810810810816e+00 0.000000000000000000e+00 0.000000000000000000e+00 0.000000000000000000e+00 0.000000000000000000e+00
1.340405405405405315e+00 0.000000000000000000e+00 0.000000000000000000e+00 0.000000000000000000e+00 0.000000000000000000e+00
1.352500000000000036e+00 0.000000000000000000e+00 0.000000000000000000e+00 0.000000000000000000e+00 0.000000000000000000e+00
1.364594594594594534e+00 0.000000000000000000e+00 0.000000000000000000e+00 0.000000000000000000e+00 0.000000000000000000e+00
1.376689189189189255e+00 0.000000000000000000e+00 0.000000000000000000e+00 0.000000000000000000e+00 0.000000000000000000e+00
1.388783783783783754e+00 0.000000000000000000e+00 0.000000000000000000e+00 0.000000000000000000e+00 0.000000000000000000e+00
1.400878378378378253e+00 0.000000000000000000e+00 0.000000000000000000e+00 0.000000000000000000e+00 0.000000000000000000e+00
1.412972972972972974e+00 0.000000000000000000e+00 0.000000000000000000e+00 0.000000000000000000e+00 0.000000000000000000e+00
1.425067567567567473e+00 0.000000000000000000e+00 0.000000000000000000e+00 0.000000000000000000e+00 0.000000000000000000e+00
1.437162162162162193e+00 0.000000000000000000e+00 0.000000000000000000e+00 0.000000000000000000e+00 0.000000000000000000e+00
1.449256756756756692e+00 0.000000000000000000e+00 0.000000000000000000e+00 0.000000000000000000e+00 0.000000000000000000e+00
1.461351351351351413e+00 0.000000000000000000e+00 0.000000000000000000e+00 0.000000000000000000e+00 0.000000000000000000e+00
1.473445945945945912e+00 0.000000000000000000e+00 0.000000000000000000e+00 0.000000000000000000e+00 0.000000000000000000e+00
1.485540540540540411e+00 0.000000000000000000e+00 0.000000000000000000e+00 0.000000000000000000e+00 0.000000000000000000e+00
1.497635135135135132e+00 0.000000000000000000e+00 0.000000000000000000e+00 0.000000000000000000e+00 0.000000000000000000e+00
1.509729729729729630e+00 0.000000000000000000e+00 0.000000000000000000e+00 0.000000000000000000e+00 0.000000000000000000e+00
1.521824324324324351e+00 0.000000000000000000e+00 0.000000000000000000e+00 0.000000000000000000e+00 0.000000000000000000e+00
1.533918918918918850e+00 0.000000000000000000e+00 0.000000000000000000e+00 0.000000000000000000e+00 0.000000000000000000e+00
1.546013513513513571e+00 0.000000000000000000e+00 0.000000000000000000e+00 0.000000000000000000e+00 0.000000000000000000e+00
1.558108108108108070e+00 0.000000000000000000e+00 0.000000000000000000e+00 0.000000000000000000e+00 0.000000000000000000e+00
1.570202702702702569e+00 0.000000000000000000e+00 0.000000000000000000e+00 0.000000000000000000e+00 0.000000000000000000e+00
1.582297297297297289e+00 0.000000000000000000e+00 0.000000000000000000e+00 0.000000000000000000e+00 0.000000000000000000e+00
1.594391891891891788e+00 0.000000000000000000e+00 0.000000000000000000e+00 0.000000000000000000e+00 0.000000000000000000e+00
1.606486486486486509e+00 0.000000000000000000e+00 0.000000000000000000e+00 0.000000000000000000e+00 0.000000000000000000e+00
1.618581081081081008e+00 0.000000000000000000e+00 0.000000000000000000e+00 0.000000000000000000e+00 0.000000000000000000e+00
1.630675675675675729e+00 0.000000000000000000e+00 0.000000000000000000e+00 0.000000000000000000e+00 0.000000000000000000e+00
1.642770270270270228e+00 0.000000000000000000e+00 0.000000000000000000e+00 0.000000000000000000e+00 0.000000000000000000e+00
1.654864864864864726e+00 0.000000000000000000e+00 0.000000000000000000e+00 0.000000000000000000e+00 0.000000000000000000e+00
1.666959459459459447e+00 0.000000000000000000e+00 0.000000000000000000e+00 0.000000000000000000e+00 0.000000000000000000e+00
1.679054054054053946e+00 0.000000000000000000e+00 0.000000000000000000e+00 0.000000000000000000e+00 0.000000000000000000e+00
1.691148648648648667e+00 0.000000000000000000e+00 0.000000000000000000e+00 0.000000000000000000e+00 0.000000000000000000e+00
1.703243243243243166e+00 0.000000000000000000e+00 0.000000000000000000e+00 0.000000000000000000e+00 0.000000000000000000e+00
1.715337837837837887e+00 0.000000000000000000e+00 0.000000000000000000e+00 0.000000000000000000e+00 0.000000000000000000e+00
1.727432432432432385e+00 0.000000000000000000e+00 0.000000000000000000e+00 0.000000000000000000e+00 0.000000000000000000e+00
1.739527027027026884e+00 0.000000000000000000e+00 0.000000000000000000e+00 0.000000000000000000e+00 0.000000000000000000e+00
1.751621621621621605e+00 0.000000000000000000e+00 0.000000000000000000e+00 0.000000000000000000e+00 0.000000000000000000e+00
1.763716216216216104e+00 0.000000000000000000e+00 0.000000000000000000e+00 0.000000000000000000e+00 0.000000000000000000e+00
1.775810810810810825e+00 0.000000000000000000e+00 0.000000000000000000e+00 0.000000000000000000e+00 0.000000000000000000e+00
1.787905405405405324e+00 0.000000000000000000e+00 0.000000000000000000e+00 0.000000000000000000e+00 0.000000000000000000e+00
1.800000000000000044e+00 0.000000000000000000e+00 0.000000000000000000e+00 0.000000000000000000e+00 0.000000000000000000e+00
