# Angular number densities per z bin ("number per bin")
# i.e., the number of galaxies per sq.deg. that have zmin<z<zmax.
# Both imaging and spectroscopic weights are included.
# 
# Columns are: redshift, dNdz
5.000000000000000104e-03 1.000000000000000021e-03
1.499999999999999944e-02 2.000000000000000042e-03
2.500000000000000139e-02 2.000000000000000042e-03
3.500000000000000333e-02 4.000000000000000083e-03
4.499999999999999833e-02 2.000000000000000042e-03
5.500000000000000028e-02 7.000000000000000146e-03
6.500000000000000222e-02 4.000000000000000083e-03
7.500000000000001110e-02 3.000000000000000062e-03
8.499999999999999223e-02 8.000000000000000167e-03
9.500000000000000111e-02 1.000000000000000021e-02
1.050000000000000100e-01 8.999999999999999320e-03
1.149999999999999911e-01 8.000000000000000167e-03
1.250000000000000000e-01 7.000000000000000146e-03
1.350000000000000089e-01 8.999999999999999320e-03
1.450000000000000178e-01 8.000000000000000167e-03
1.549999999999999989e-01 8.999999999999999320e-03
1.650000000000000078e-01 6.000000000000000125e-03
1.749999999999999889e-01 8.000000000000000167e-03
1.849999999999999978e-01 1.200000000000000025e-02
1.950000000000000067e-01 1.000000000000000021e-02
2.050000000000000155e-01 8.999999999999999320e-03
2.149999999999999967e-01 1.200000000000000025e-02
2.250000000000000056e-01 8.999999999999999320e-03
2.349999999999999867e-01 5.000000000000000104e-03
2.449999999999999956e-01 8.000000000000000167e-03
2.550000000000000044e-01 7.000000000000000146e-03
2.650000000000000133e-01 1.099999999999999936e-02
2.750000000000000222e-01 7.000000000000000146e-03
2.850000000000000311e-01 8.999999999999999320e-03
2.949999999999999845e-01 8.000000000000000167e-03
3.049999999999999933e-01 6.000000000000000125e-03
3.150000000000000022e-01 3.500000000000000333e-02
3.250000000000000111e-01 1.200000000000000025e-02
3.350000000000000200e-01 1.200000000000000025e-02
3.449999999999999734e-01 1.099999999999999936e-02
3.549999999999999822e-01 8.000000000000000167e-03
3.649999999999999911e-01 1.000000000000000021e-02
3.750000000000000000e-01 8.999999999999999320e-03
3.850000000000000089e-01 1.299999999999999940e-02
3.950000000000000178e-01 8.000000000000000167e-03
4.050000000000000266e-01 1.299999999999999940e-02
4.149999999999999800e-01 1.000000000000000021e-02
4.249999999999999889e-01 7.000000000000000146e-03
4.349999999999999978e-01 8.000000000000000167e-03
4.450000000000000067e-01 6.000000000000000125e-03
4.550000000000000155e-01 8.000000000000000167e-03
4.649999999999999689e-01 1.000000000000000021e-02
4.749999999999999778e-01 1.099999999999999936e-02
4.849999999999999867e-01 8.000000000000000167e-03
4.949999999999999956e-01 7.000000000000000146e-03
5.050000000000000044e-01 5.000000000000000104e-03
5.150000000000000133e-01 4.000000000000000083e-03
5.250000000000000222e-01 7.000000000000000146e-03
5.350000000000000311e-01 1.200000000000000025e-02
5.450000000000000400e-01 2.199999999999999872e-02
5.550000000000000488e-01 1.499999999999999944e-02
5.649999999999999467e-01 1.299999999999999940e-02
5.749999999999999556e-01 2.199999999999999872e-02
5.849999999999999645e-01 1.899999999999999953e-02
5.949999999999999734e-01 1.600000000000000033e-02
6.049999999999999822e-01 2.100000000000000130e-02
6.149999999999999911e-01 2.199999999999999872e-02
6.250000000000000000e-01 2.100000000000000130e-02
6.350000000000000089e-01 2.500000000000000139e-02
6.450000000000000178e-01 2.800000000000000058e-02
6.550000000000000266e-01 3.300000000000000155e-02
6.650000000000000355e-01 3.699999999999999817e-02
6.750000000000000444e-01 4.299999999999999656e-02
6.850000000000000533e-01 5.299999999999999850e-02
6.949999999999999512e-01 6.800000000000000488e-02
7.049999999999999600e-01 8.500000000000000611e-02
7.149999999999999689e-01 1.189999999999999947e-01
7.249999999999999778e-01 1.779999999999999916e-01
7.349999999999999867e-01 2.149999999999999967e-01
7.449999999999999956e-01 2.829999999999999738e-01
7.550000000000000044e-01 4.169999999999999818e-01
7.650000000000000133e-01 6.350000000000000089e-01
7.750000000000000222e-01 1.050999999999999934e+00
7.850000000000000311e-01 1.590999999999999970e+00
7.950000000000000400e-01 2.400999999999999801e+00
8.050000000000000488e-01 2.915999999999999925e+00
8.149999999999999467e-01 3.335999999999999854e+00
8.249999999999999556e-01 3.786999999999999922e+00
8.349999999999999645e-01 4.560999999999999943e+00
8.449999999999999734e-01 5.152999999999999581e+00
8.549999999999999822e-01 5.676999999999999602e+00
8.649999999999999911e-01 5.825999999999999623e+00
8.750000000000000000e-01 6.270999999999999908e+00
8.850000000000000089e-01 6.639000000000000234e+00
8.950000000000000178e-01 6.767000000000000348e+00
9.050000000000000266e-01 7.176999999999999602e+00
9.150000000000000355e-01 7.009000000000000341e+00
9.250000000000000444e-01 6.932000000000000384e+00
9.350000000000000533e-01 6.959999999999999964e+00
9.449999999999999512e-01 6.610000000000000320e+00
9.549999999999999600e-01 6.381999999999999673e+00
9.649999999999999689e-01 5.801000000000000156e+00
9.749999999999999778e-01 5.195000000000000284e+00
9.849999999999999867e-01 4.663000000000000256e+00
9.949999999999999956e-01 4.269999999999999574e+00
1.004999999999999893e+00 3.847999999999999865e+00
1.015000000000000124e+00 3.612000000000000099e+00
1.024999999999999911e+00 3.041999999999999815e+00
1.035000000000000142e+00 2.633000000000000007e+00
1.044999999999999929e+00 2.375000000000000000e+00
1.055000000000000160e+00 2.041999999999999815e+00
1.064999999999999947e+00 1.703000000000000069e+00
1.075000000000000178e+00 1.504000000000000004e+00
1.084999999999999964e+00 1.249000000000000110e+00
1.095000000000000195e+00 1.062000000000000055e+00
1.104999999999999982e+00 8.469999999999999751e-01
1.115000000000000213e+00 7.469999999999999973e-01
1.125000000000000000e+00 5.689999999999999503e-01
1.134999999999999787e+00 4.879999999999999893e-01
1.145000000000000018e+00 4.089999999999999747e-01
1.154999999999999805e+00 3.300000000000000155e-01
1.165000000000000036e+00 2.810000000000000275e-01
1.174999999999999822e+00 2.059999999999999887e-01
1.185000000000000053e+00 1.559999999999999998e-01
1.194999999999999840e+00 1.219999999999999973e-01
1.205000000000000071e+00 1.130000000000000032e-01
1.214999999999999858e+00 8.599999999999999312e-02
1.225000000000000089e+00 7.599999999999999811e-02
1.234999999999999876e+00 5.999999999999999778e-02
1.245000000000000107e+00 4.900000000000000189e-02
1.254999999999999893e+00 4.700000000000000011e-02
1.265000000000000124e+00 2.999999999999999889e-02
1.274999999999999911e+00 2.699999999999999969e-02
1.285000000000000142e+00 2.199999999999999872e-02
1.294999999999999929e+00 2.299999999999999961e-02
1.305000000000000160e+00 1.899999999999999953e-02
1.314999999999999947e+00 2.900000000000000147e-02
1.325000000000000178e+00 2.199999999999999872e-02
1.334999999999999964e+00 1.299999999999999940e-02
1.345000000000000195e+00 8.000000000000000167e-03
1.354999999999999982e+00 1.000000000000000021e-02
1.365000000000000213e+00 8.000000000000000167e-03
1.375000000000000000e+00 7.000000000000000146e-03
1.384999999999999787e+00 6.000000000000000125e-03
1.395000000000000018e+00 4.000000000000000083e-03
1.404999999999999805e+00 3.000000000000000062e-03
1.415000000000000036e+00 3.000000000000000062e-03
1.424999999999999822e+00 3.000000000000000062e-03
1.435000000000000053e+00 3.000000000000000062e-03
1.444999999999999840e+00 2.000000000000000042e-03
1.455000000000000071e+00 0.000000000000000000e+00
1.464999999999999858e+00 0.000000000000000000e+00
1.475000000000000089e+00 0.000000000000000000e+00
1.484999999999999876e+00 0.000000000000000000e+00
