# Angular number densities per z bin ("number per bin")
# i.e., the number of galaxies per sq.deg. that have zmin<z<zmax.
# Both imaging and spectroscopic weights are included.
# 
# Columns are: redshift, dNdz
5.000000000000000104e-03 1.256818181818181862e-03
1.499999999999999771e-02 1.486363636363636359e-03
2.500000000000000139e-02 2.000000000000000042e-03
3.500000000000000333e-02 3.770454545454545586e-03
4.499999999999999833e-02 2.743181818181818221e-03
5.500000000000000722e-02 4.513636363636363766e-03
6.500000000000000222e-02 5.000000000000000104e-03
7.500000000000001110e-02 8.513636363636365584e-03
8.499999999999997835e-02 1.022954545454545471e-02
9.500000000000000111e-02 9.486363636363636526e-03
1.050000000000000100e-01 8.027272727272726643e-03
1.149999999999999911e-01 9.027272727272727532e-03
1.250000000000000000e-01 9.027272727272727532e-03
1.350000000000000089e-01 7.972727272727271955e-03
1.450000000000000178e-01 7.513636363636364696e-03
1.549999999999999989e-01 5.256818181818181945e-03
1.650000000000000078e-01 7.256818181818181987e-03
1.749999999999999889e-01 1.068863636363636370e-02
1.850000000000000255e-01 1.228409090909091117e-02
1.950000000000000067e-01 1.579772727272727231e-02
2.050000000000000433e-01 8.945454545454544631e-03
2.149999999999999967e-01 1.100000000000000110e-02
2.250000000000000056e-01 1.454090909090909045e-02
2.349999999999999867e-01 1.345909090909090666e-02
2.450000000000000233e-01 1.074318181818181839e-02
2.550000000000000044e-01 1.602727272727272681e-02
2.650000000000000133e-01 1.722954545454545572e-02
2.750000000000000222e-01 1.322954545454545563e-02
2.850000000000000866e-01 1.420227272727272831e-02
2.949999999999999845e-01 1.348636363636363834e-02
3.049999999999999933e-01 1.520227272727272746e-02
3.150000000000000577e-01 3.683636363636363237e-02
3.250000000000000111e-01 2.151363636363636672e-02
3.350000000000000755e-01 2.043181818181818293e-02
3.449999999999999734e-01 1.797272727272727216e-02
3.549999999999999822e-01 1.725681818181818220e-02
3.649999999999999911e-01 1.825681818181817961e-02
3.750000000000000000e-01 2.020227272727272844e-02
3.850000000000000089e-01 2.054090909090909231e-02
3.950000000000000733e-01 2.145909090909091030e-02
4.050000000000000266e-01 1.545909090909091017e-02
4.149999999999999245e-01 1.614772727272727193e-02
4.250000000000000444e-01 1.499999999999999771e-02
4.349999999999999978e-01 1.574318181818181936e-02
4.450000000000000067e-01 2.045909090909090941e-02
4.550000000000000155e-01 1.525681818181818042e-02
4.650000000000000244e-01 2.299999999999999961e-02
4.749999999999999778e-01 2.200000000000000219e-02
4.849999999999999867e-01 2.305454545454545950e-02
4.950000000000000511e-01 1.945909090909091199e-02
5.050000000000000044e-01 2.231136363636363612e-02
5.150000000000000133e-01 2.302727272727272609e-02
5.250000000000000222e-01 2.956818181818181637e-02
5.350000000000000311e-01 3.802727272727272206e-02
5.450000000000000400e-01 4.582499999999999768e-02
5.550000000000000488e-01 5.456818181818181429e-02
5.649999999999999467e-01 6.365000000000001212e-02
5.749999999999999556e-01 8.832727272727272649e-02
5.849999999999999645e-01 1.179613636363636281e-01
5.949999999999999734e-01 1.484750000000000236e-01
6.049999999999999822e-01 2.020159090909091071e-01
6.149999999999999911e-01 2.741250000000000075e-01
6.250000000000000000e-01 3.965568181818181492e-01
6.350000000000000089e-01 5.309545454545454568e-01
6.450000000000000178e-01 6.876704545454546125e-01
6.550000000000001377e-01 9.545931818181818684e-01
6.650000000000000355e-01 1.221947727272727269e+00
6.750000000000000444e-01 1.580313636363636309e+00
6.850000000000000533e-01 2.292293181818181758e+00
6.949999999999999512e-01 3.268502272727273006e+00
7.050000000000000711e-01 4.338052272727272118e+00
7.150000000000000799e-01 5.351786363636364285e+00
7.249999999999999778e-01 6.394852272727272968e+00
7.349999999999999867e-01 7.317738636363634974e+00
7.449999999999999956e-01 8.274343181818181847e+00
7.550000000000000044e-01 8.949654545454546195e+00
7.650000000000000133e-01 9.463874999999999815e+00
7.750000000000000222e-01 9.799895454545453077e+00
7.849999999999999201e-01 9.719004545454543731e+00
7.950000000000001510e-01 9.693390909090908281e+00
8.050000000000001599e-01 9.322000000000000952e+00
8.149999999999999467e-01 8.551511363636363328e+00
8.249999999999999556e-01 7.884152272727273036e+00
8.349999999999999645e-01 7.099052272727274016e+00
8.449999999999999734e-01 6.292388636363636323e+00
8.550000000000000933e-01 5.474020454545454939e+00
8.649999999999999911e-01 4.850906818181818458e+00
8.750000000000000000e-01 4.209388636363637026e+00
8.850000000000000089e-01 3.589720454545454409e+00
8.949999999999999067e-01 2.821325000000000305e+00
9.050000000000000266e-01 2.246318181818181881e+00
9.150000000000001465e-01 1.744704545454545341e+00
9.250000000000001554e-01 1.301102272727272746e+00
9.350000000000000533e-01 9.893977272727273453e-01
9.449999999999999512e-01 8.077090909090909321e-01
9.549999999999998490e-01 6.238181818181817162e-01
9.650000000000000799e-01 5.021295454545454673e-01
9.749999999999999778e-01 3.768681818181817689e-01
9.849999999999999867e-01 3.075454545454545108e-01
9.949999999999999956e-01 2.470000000000000251e-01
1.004999999999999893e+00 2.040000000000000147e-01
1.015000000000000124e+00 1.716227272727272879e-01
1.025000000000000133e+00 1.217159090909090829e-01
1.035000000000000142e+00 1.005409090909090974e-01
1.044999999999999929e+00 7.874318181818182327e-02
1.055000000000000160e+00 6.617500000000001159e-02
1.064999999999999947e+00 5.579772727272726968e-02
1.075000000000000400e+00 4.702727272727273006e-02
1.084999999999999964e+00 3.799999999999999906e-02
1.095000000000000195e+00 3.148636363636363872e-02
1.104999999999999982e+00 2.708181818181818259e-02
1.115000000000000213e+00 2.502727272727272786e-02
1.125000000000000222e+00 1.702727272727273117e-02
1.134999999999999787e+00 1.631136363636363773e-02
1.145000000000000018e+00 1.725681818181818220e-02
1.154999999999999805e+00 1.317500000000000095e-02
1.165000000000000036e+00 1.297272727272727293e-02
1.174999999999999822e+00 1.025681818181818292e-02
1.185000000000000053e+00 9.540909090909092949e-03
1.195000000000000062e+00 1.231136363636363765e-02
1.205000000000000071e+00 5.715909090909090939e-03
1.215000000000000080e+00 1.025681818181818292e-02
1.224999999999999867e+00 5.229545454545454601e-03
1.234999999999999876e+00 3.972727272727272739e-03
1.245000000000000329e+00 4.540909090909091110e-03
1.254999999999999893e+00 3.743181818181818676e-03
1.265000000000000124e+00 5.513636363636363787e-03
1.275000000000000133e+00 3.000000000000000496e-03
1.285000000000000142e+00 3.486363636363636834e-03
1.294999999999999929e+00 3.486363636363636834e-03
1.305000000000000160e+00 3.770454545454545586e-03
1.314999999999999947e+00 8.972727272727272843e-03
1.325000000000000400e+00 6.715909090909090960e-03
1.334999999999999964e+00 2.256818181818181883e-03
1.345000000000000417e+00 1.256818181818181862e-03
1.354999999999999982e+00 3.000000000000000496e-03
1.365000000000000213e+00 4.229545454545454580e-03
1.375000000000000222e+00 1.486363636363636359e-03
1.384999999999999787e+00 1.486363636363636359e-03
1.395000000000000018e+00 1.513636363636363703e-03
1.404999999999999805e+00 1.513636363636363703e-03
1.415000000000000258e+00 1.513636363636363703e-03
1.424999999999999600e+00 7.431818181818181795e-04
1.435000000000000053e+00 7.431818181818181795e-04
1.445000000000000062e+00 2.000000000000000042e-03
1.455000000000000071e+00 0.000000000000000000e+00
1.464999999999999858e+00 0.000000000000000000e+00
1.475000000000000311e+00 0.000000000000000000e+00
1.484999999999999876e+00 0.000000000000000000e+00
