# Angular number densities per z bin ("number per bin")
# i.e., the number of galaxies per sq.deg. that have zmin<z<zmax.
# Both imaging and spectroscopic weights are included.
# 
# Columns are: redshift, dNdz
5.000000000000000104e-03 7.431818181818181795e-04
1.499999999999999771e-02 7.431818181818181795e-04
2.500000000000000139e-02 2.229545454545454539e-03
3.500000000000000333e-02 4.513636363636363766e-03
4.499999999999999833e-02 5.229545454545454601e-03
5.500000000000000722e-02 7.459090909090908272e-03
6.500000000000000222e-02 6.715909090909090960e-03
7.500000000000001110e-02 1.448636363636363576e-02
8.499999999999997835e-02 1.668863636363636382e-02
9.500000000000000111e-02 1.068863636363636370e-02
1.050000000000000100e-01 1.851363636363636406e-02
1.149999999999999911e-01 1.493409090909091248e-02
1.250000000000000000e-01 1.402727272727272850e-02
1.350000000000000089e-01 1.577045454545454584e-02
1.450000000000000178e-01 1.248636363636363746e-02
1.549999999999999989e-01 1.705454545454545418e-02
1.650000000000000078e-01 1.451363636363636397e-02
1.749999999999999889e-01 1.454090909090909045e-02
1.850000000000000255e-01 1.743181818181818027e-02
1.950000000000000067e-01 2.105454545454545079e-02
2.050000000000000433e-01 1.951363636363636495e-02
2.149999999999999967e-01 2.354090909090909151e-02
2.250000000000000056e-01 2.877045454545455044e-02
2.349999999999999867e-01 3.639318181818182452e-02
2.450000000000000233e-01 3.794545454545454610e-02
2.550000000000000044e-01 4.579772727272727467e-02
2.650000000000000133e-01 5.371590909090909194e-02
2.750000000000000222e-01 6.565000000000000002e-02
2.850000000000000866e-01 8.958409090909090489e-02
2.949999999999999845e-01 1.037045454545454659e-01
3.049999999999999933e-01 1.323272727272727101e-01
3.150000000000000577e-01 1.731363636363636438e-01
3.250000000000000111e-01 2.198795454545454942e-01
3.350000000000000755e-01 3.234363636363636885e-01
3.449999999999999734e-01 4.690159090909090667e-01
3.549999999999999822e-01 6.469613636363636955e-01
3.649999999999999911e-01 9.592113636363636120e-01
3.750000000000000000e-01 1.296797727272727352e+00
3.850000000000000089e-01 1.764797727272727323e+00
3.950000000000000733e-01 2.396088636363636226e+00
4.050000000000000266e-01 2.969170454545455140e+00
4.149999999999999245e-01 3.610152272727273459e+00
4.250000000000000444e-01 4.107890909090908593e+00
4.349999999999999978e-01 4.503074999999999939e+00
4.450000000000000067e-01 4.886629545454545642e+00
4.550000000000000155e-01 5.047324999999999839e+00
4.650000000000000244e-01 4.961793181818181075e+00
4.749999999999999778e-01 5.200961363636364077e+00
4.849999999999999867e-01 5.322268181818182065e+00
4.950000000000000511e-01 5.433227272727273238e+00
5.050000000000000044e-01 5.398468181818182110e+00
5.150000000000000133e-01 4.974229545454545764e+00
5.250000000000000222e-01 4.793109090909090320e+00
5.350000000000000311e-01 3.896131818181818307e+00
5.450000000000000400e-01 2.732100000000000417e+00
5.550000000000000488e-01 1.703434090909090592e+00
5.649999999999999467e-01 1.070293181818181782e+00
5.749999999999999556e-01 6.679659090909091379e-01
5.849999999999999645e-01 4.102068181818182002e-01
5.949999999999999734e-01 2.795295454545454472e-01
6.049999999999999822e-01 1.750545454545454349e-01
6.149999999999999911e-01 1.378522727272727399e-01
6.250000000000000000e-01 1.015409090909091122e-01
6.350000000000000089e-01 6.745909090909091299e-02
6.450000000000000178e-01 6.351363636363636933e-02
6.550000000000001377e-01 5.025681818181818722e-02
6.650000000000000355e-01 3.897272727272727000e-02
6.750000000000000444e-01 3.471590909090908894e-02
6.850000000000000533e-01 2.000000000000000042e-02
6.949999999999999512e-01 1.499999999999999771e-02
7.050000000000000711e-01 1.100000000000000110e-02
7.150000000000000799e-01 9.486363636363636526e-03
7.249999999999999778e-01 6.770454545454545649e-03
7.349999999999999867e-01 4.513636363636363766e-03
7.449999999999999956e-01 8.770454545454544823e-03
7.550000000000000044e-01 6.540909090909090284e-03
7.650000000000000133e-01 3.486363636363636834e-03
7.750000000000000222e-01 3.284090909090909682e-03
7.849999999999999201e-01 3.513636363636364179e-03
7.950000000000001510e-01 2.000000000000000042e-03
8.050000000000001599e-01 3.000000000000000496e-03
8.149999999999999467e-01 4.797727272727272951e-03
8.249999999999999556e-01 3.797727272727272497e-03
8.349999999999999645e-01 2.797727272727273343e-03
8.449999999999999734e-01 2.256818181818181883e-03
8.550000000000000933e-01 2.256818181818181883e-03
8.649999999999999911e-01 1.256818181818181862e-03
8.750000000000000000e-01 2.000000000000000042e-03
8.850000000000000089e-01 1.486363636363636359e-03
8.949999999999999067e-01 1.486363636363636359e-03
9.050000000000000266e-01 2.284090909090909661e-03
9.150000000000001465e-01 1.000000000000000021e-03
9.250000000000001554e-01 1.256818181818181862e-03
9.350000000000000533e-01 2.000000000000000042e-03
9.449999999999999512e-01 7.431818181818181795e-04
9.549999999999998490e-01 7.431818181818181795e-04
9.650000000000000799e-01 1.256818181818181862e-03
9.749999999999999778e-01 2.000000000000000042e-03
9.849999999999999867e-01 1.513636363636363703e-03
9.949999999999999956e-01 7.431818181818181795e-04
1.004999999999999893e+00 2.256818181818181883e-03
1.015000000000000124e+00 1.256818181818181862e-03
1.025000000000000133e+00 1.256818181818181862e-03
1.035000000000000142e+00 0.000000000000000000e+00
1.044999999999999929e+00 2.229545454545454539e-03
1.055000000000000160e+00 7.431818181818181795e-04
1.064999999999999947e+00 1.256818181818181862e-03
1.075000000000000400e+00 7.431818181818181795e-04
1.084999999999999964e+00 1.284090909090909423e-03
1.095000000000000195e+00 7.431818181818181795e-04
1.104999999999999982e+00 1.256818181818181862e-03
1.115000000000000213e+00 1.486363636363636359e-03
1.125000000000000222e+00 0.000000000000000000e+00
1.134999999999999787e+00 7.431818181818181795e-04
1.145000000000000018e+00 7.431818181818181795e-04
1.154999999999999805e+00 0.000000000000000000e+00
1.165000000000000036e+00 0.000000000000000000e+00
1.174999999999999822e+00 7.431818181818181795e-04
1.185000000000000053e+00 7.431818181818181795e-04
1.195000000000000062e+00 0.000000000000000000e+00
1.205000000000000071e+00 1.256818181818181862e-03
1.215000000000000080e+00 7.431818181818181795e-04
1.224999999999999867e+00 7.431818181818181795e-04
1.234999999999999876e+00 7.431818181818181795e-04
1.245000000000000329e+00 0.000000000000000000e+00
1.254999999999999893e+00 7.431818181818181795e-04
1.265000000000000124e+00 7.431818181818181795e-04
1.275000000000000133e+00 7.431818181818181795e-04
1.285000000000000142e+00 0.000000000000000000e+00
1.294999999999999929e+00 1.486363636363636359e-03
1.305000000000000160e+00 0.000000000000000000e+00
1.314999999999999947e+00 2.229545454545454539e-03
1.325000000000000400e+00 2.256818181818181883e-03
1.334999999999999964e+00 0.000000000000000000e+00
1.345000000000000417e+00 0.000000000000000000e+00
1.354999999999999982e+00 0.000000000000000000e+00
1.365000000000000213e+00 0.000000000000000000e+00
1.375000000000000222e+00 7.431818181818181795e-04
1.384999999999999787e+00 7.431818181818181795e-04
1.395000000000000018e+00 0.000000000000000000e+00
1.404999999999999805e+00 7.431818181818181795e-04
1.415000000000000258e+00 5.136363636363637910e-04
1.424999999999999600e+00 7.431818181818181795e-04
1.435000000000000053e+00 0.000000000000000000e+00
1.445000000000000062e+00 7.431818181818181795e-04
1.455000000000000071e+00 0.000000000000000000e+00
1.464999999999999858e+00 0.000000000000000000e+00
1.475000000000000311e+00 0.000000000000000000e+00
1.484999999999999876e+00 0.000000000000000000e+00
