# Angular number densities per z bin ("number per bin")
# i.e., the number of galaxies per sq.deg. that have zmin<z<zmax.
# Both imaging and spectroscopic weights are included.
# 
# Columns are: redshift, dNdz
5.000000000000000104e-03 1.000000000000000021e-03
1.499999999999999944e-02 0.000000000000000000e+00
2.500000000000000139e-02 7.000000000000000146e-03
3.500000000000000333e-02 5.000000000000000104e-03
4.499999999999999833e-02 2.000000000000000042e-03
5.500000000000000028e-02 1.000000000000000021e-02
6.500000000000000222e-02 2.000000000000000042e-03
7.500000000000001110e-02 8.999999999999999320e-03
8.499999999999999223e-02 1.400000000000000029e-02
9.500000000000000111e-02 3.000000000000000062e-03
1.050000000000000100e-01 1.099999999999999936e-02
1.149999999999999911e-01 1.600000000000000033e-02
1.250000000000000000e-01 1.099999999999999936e-02
1.350000000000000089e-01 1.400000000000000029e-02
1.450000000000000178e-01 1.000000000000000021e-02
1.549999999999999989e-01 8.999999999999999320e-03
1.650000000000000078e-01 7.000000000000000146e-03
1.749999999999999889e-01 2.000000000000000042e-02
1.849999999999999978e-01 8.000000000000000167e-03
1.950000000000000067e-01 1.200000000000000025e-02
2.050000000000000155e-01 2.299999999999999961e-02
2.149999999999999967e-01 1.400000000000000029e-02
2.250000000000000056e-01 8.000000000000000167e-03
2.349999999999999867e-01 8.000000000000000167e-03
2.449999999999999956e-01 8.999999999999999320e-03
2.550000000000000044e-01 1.499999999999999944e-02
2.650000000000000133e-01 8.999999999999999320e-03
2.750000000000000222e-01 1.000000000000000021e-02
2.850000000000000311e-01 8.999999999999999320e-03
2.949999999999999845e-01 8.000000000000000167e-03
3.049999999999999933e-01 7.000000000000000146e-03
3.150000000000000022e-01 2.199999999999999872e-02
3.250000000000000111e-01 8.999999999999999320e-03
3.350000000000000200e-01 1.000000000000000021e-02
3.449999999999999734e-01 1.600000000000000033e-02
3.549999999999999822e-01 1.600000000000000033e-02
3.649999999999999911e-01 8.999999999999999320e-03
3.750000000000000000e-01 7.000000000000000146e-03
3.850000000000000089e-01 2.500000000000000139e-02
3.950000000000000178e-01 1.099999999999999936e-02
4.050000000000000266e-01 1.099999999999999936e-02
4.149999999999999800e-01 1.499999999999999944e-02
4.249999999999999889e-01 8.999999999999999320e-03
4.349999999999999978e-01 6.000000000000000125e-03
4.450000000000000067e-01 1.200000000000000025e-02
4.550000000000000155e-01 1.000000000000000021e-02
4.649999999999999689e-01 1.799999999999999864e-02
4.749999999999999778e-01 1.099999999999999936e-02
4.849999999999999867e-01 5.000000000000000104e-03
4.949999999999999956e-01 1.200000000000000025e-02
5.050000000000000044e-01 6.000000000000000125e-03
5.150000000000000133e-01 1.200000000000000025e-02
5.250000000000000222e-01 8.000000000000000167e-03
5.350000000000000311e-01 8.999999999999999320e-03
5.450000000000000400e-01 2.999999999999999889e-02
5.550000000000000488e-01 2.999999999999999889e-02
5.649999999999999467e-01 1.099999999999999936e-02
5.749999999999999556e-01 3.200000000000000067e-02
5.849999999999999645e-01 2.800000000000000058e-02
5.949999999999999734e-01 2.400000000000000050e-02
6.049999999999999822e-01 3.099999999999999978e-02
6.149999999999999911e-01 3.799999999999999906e-02
6.250000000000000000e-01 3.300000000000000155e-02
6.350000000000000089e-01 3.799999999999999906e-02
6.450000000000000178e-01 5.399999999999999939e-02
6.550000000000000266e-01 6.199999999999999956e-02
6.650000000000000355e-01 6.700000000000000400e-02
6.750000000000000444e-01 9.099999999999999756e-02
6.850000000000000533e-01 1.069999999999999979e-01
6.949999999999999512e-01 1.729999999999999871e-01
7.049999999999999600e-01 1.980000000000000093e-01
7.149999999999999689e-01 2.700000000000000178e-01
7.249999999999999778e-01 3.489999999999999769e-01
7.349999999999999867e-01 4.289999999999999925e-01
7.449999999999999956e-01 5.570000000000000506e-01
7.550000000000000044e-01 7.479999999999999982e-01
7.650000000000000133e-01 1.060000000000000053e+00
7.750000000000000222e-01 1.550999999999999934e+00
7.850000000000000311e-01 1.866999999999999993e+00
7.950000000000000400e-01 2.466000000000000192e+00
8.050000000000000488e-01 2.976999999999999869e+00
8.149999999999999467e-01 3.604999999999999982e+00
8.249999999999999556e-01 3.821000000000000174e+00
8.349999999999999645e-01 4.219999999999999751e+00
8.449999999999999734e-01 4.894999999999999574e+00
8.549999999999999822e-01 5.190999999999999837e+00
8.649999999999999911e-01 5.850999999999999979e+00
8.750000000000000000e-01 6.240999999999999659e+00
8.850000000000000089e-01 6.629999999999999893e+00
8.950000000000000178e-01 6.985999999999999766e+00
9.050000000000000266e-01 7.048000000000000043e+00
9.150000000000000355e-01 6.926000000000000156e+00
9.250000000000000444e-01 6.727999999999999758e+00
9.350000000000000533e-01 6.673000000000000043e+00
9.449999999999999512e-01 6.689000000000000057e+00
9.549999999999999600e-01 6.190000000000000391e+00
9.649999999999999689e-01 5.836999999999999744e+00
9.749999999999999778e-01 5.426999999999999602e+00
9.849999999999999867e-01 4.873999999999999666e+00
9.949999999999999956e-01 4.246999999999999886e+00
1.004999999999999893e+00 3.759999999999999787e+00
1.015000000000000124e+00 3.391999999999999904e+00
1.024999999999999911e+00 3.283999999999999808e+00
1.035000000000000142e+00 2.668000000000000149e+00
1.044999999999999929e+00 2.414000000000000146e+00
1.055000000000000160e+00 2.068000000000000060e+00
1.064999999999999947e+00 1.768000000000000016e+00
1.075000000000000178e+00 1.447000000000000064e+00
1.084999999999999964e+00 1.229000000000000092e+00
1.095000000000000195e+00 1.086000000000000076e+00
1.104999999999999982e+00 8.950000000000000178e-01
1.115000000000000213e+00 6.949999999999999512e-01
1.125000000000000000e+00 6.059999999999999831e-01
1.134999999999999787e+00 4.949999999999999956e-01
1.145000000000000018e+00 4.259999999999999898e-01
1.154999999999999805e+00 3.310000000000000164e-01
1.165000000000000036e+00 2.610000000000000098e-01
1.174999999999999822e+00 2.349999999999999867e-01
1.185000000000000053e+00 2.119999999999999940e-01
1.194999999999999840e+00 1.650000000000000078e-01
1.205000000000000071e+00 1.529999999999999971e-01
1.214999999999999858e+00 9.800000000000000377e-02
1.225000000000000089e+00 8.999999999999999667e-02
1.234999999999999876e+00 7.499999999999999722e-02
1.245000000000000107e+00 6.500000000000000222e-02
1.254999999999999893e+00 5.600000000000000117e-02
1.265000000000000124e+00 5.000000000000000278e-02
1.274999999999999911e+00 3.300000000000000155e-02
1.285000000000000142e+00 4.100000000000000172e-02
1.294999999999999929e+00 3.500000000000000333e-02
1.305000000000000160e+00 1.200000000000000025e-02
1.314999999999999947e+00 1.700000000000000122e-02
1.325000000000000178e+00 1.700000000000000122e-02
1.334999999999999964e+00 6.000000000000000125e-03
1.345000000000000195e+00 8.000000000000000167e-03
1.354999999999999982e+00 6.000000000000000125e-03
1.365000000000000213e+00 1.400000000000000029e-02
1.375000000000000000e+00 3.000000000000000062e-03
1.384999999999999787e+00 6.000000000000000125e-03
1.395000000000000018e+00 3.000000000000000062e-03
1.404999999999999805e+00 3.000000000000000062e-03
1.415000000000000036e+00 3.000000000000000062e-03
1.424999999999999822e+00 3.000000000000000062e-03
1.435000000000000053e+00 0.000000000000000000e+00
1.444999999999999840e+00 0.000000000000000000e+00
1.455000000000000071e+00 0.000000000000000000e+00
1.464999999999999858e+00 0.000000000000000000e+00
1.475000000000000089e+00 0.000000000000000000e+00
1.484999999999999876e+00 0.000000000000000000e+00
