# Angular number densities per z bin ("number per bin")
# i.e., the number of galaxies per sq.deg. that have zmin<z<zmax.
# Both imaging and spectroscopic weights are included.
# 
# Columns are: redshift, dNdz
5.000000000000000104e-03 2.000000000000000042e-03
1.499999999999999944e-02 2.000000000000000042e-03
2.500000000000000139e-02 0.000000000000000000e+00
3.500000000000000333e-02 6.000000000000000125e-03
4.499999999999999833e-02 5.000000000000000104e-03
5.500000000000000028e-02 8.000000000000000167e-03
6.500000000000000222e-02 2.100000000000000130e-02
7.500000000000001110e-02 1.899999999999999953e-02
8.499999999999999223e-02 2.000000000000000042e-02
9.500000000000000111e-02 1.899999999999999953e-02
1.050000000000000100e-01 1.099999999999999936e-02
1.149999999999999911e-01 1.799999999999999864e-02
1.250000000000000000e-01 1.099999999999999936e-02
1.350000000000000089e-01 1.600000000000000033e-02
1.450000000000000178e-01 2.100000000000000130e-02
1.549999999999999989e-01 1.099999999999999936e-02
1.650000000000000078e-01 1.700000000000000122e-02
1.749999999999999889e-01 1.099999999999999936e-02
1.849999999999999978e-01 1.099999999999999936e-02
1.950000000000000067e-01 2.199999999999999872e-02
2.050000000000000155e-01 1.899999999999999953e-02
2.149999999999999967e-01 2.500000000000000139e-02
2.250000000000000056e-01 1.400000000000000029e-02
2.349999999999999867e-01 2.199999999999999872e-02
2.449999999999999956e-01 2.100000000000000130e-02
2.550000000000000044e-01 2.100000000000000130e-02
2.650000000000000133e-01 2.599999999999999881e-02
2.750000000000000222e-01 2.500000000000000139e-02
2.850000000000000311e-01 2.599999999999999881e-02
2.949999999999999845e-01 2.900000000000000147e-02
3.049999999999999933e-01 3.899999999999999994e-02
3.150000000000000022e-01 5.899999999999999689e-02
3.250000000000000111e-01 3.500000000000000333e-02
3.350000000000000200e-01 6.400000000000000133e-02
3.449999999999999734e-01 5.500000000000000028e-02
3.549999999999999822e-01 5.600000000000000117e-02
3.649999999999999911e-01 5.899999999999999689e-02
3.750000000000000000e-01 8.000000000000000167e-02
3.850000000000000089e-01 8.000000000000000167e-02
3.950000000000000178e-01 8.100000000000000255e-02
4.050000000000000266e-01 8.000000000000000167e-02
4.149999999999999800e-01 8.400000000000000522e-02
4.249999999999999889e-01 1.059999999999999970e-01
4.349999999999999978e-01 1.380000000000000115e-01
4.450000000000000067e-01 1.479999999999999927e-01
4.550000000000000155e-01 2.030000000000000138e-01
4.649999999999999689e-01 2.129999999999999949e-01
4.749999999999999778e-01 2.849999999999999756e-01
4.849999999999999867e-01 3.790000000000000036e-01
4.949999999999999956e-01 5.859999999999999654e-01
5.050000000000000044e-01 9.439999999999999503e-01
5.150000000000000133e-01 1.266999999999999904e+00
5.250000000000000222e-01 1.846000000000000085e+00
5.350000000000000311e-01 3.153000000000000025e+00
5.450000000000000400e-01 4.333000000000000185e+00
5.550000000000000488e-01 5.801000000000000156e+00
5.649999999999999467e-01 6.708999999999999631e+00
5.749999999999999556e-01 7.330000000000000071e+00
5.849999999999999645e-01 7.641000000000000014e+00
5.949999999999999734e-01 7.796000000000000263e+00
6.049999999999999822e-01 8.577999999999999403e+00
6.149999999999999911e-01 8.426999999999999602e+00
6.250000000000000000e-01 7.775000000000000355e+00
6.350000000000000089e-01 7.866999999999999993e+00
6.450000000000000178e-01 7.868999999999999773e+00
6.550000000000000266e-01 8.023999999999999133e+00
6.650000000000000355e-01 7.940000000000000391e+00
6.750000000000000444e-01 7.200999999999999623e+00
6.850000000000000533e-01 6.548000000000000043e+00
6.949999999999999512e-01 5.990999999999999659e+00
7.049999999999999600e-01 5.368999999999999773e+00
7.149999999999999689e-01 4.503999999999999559e+00
7.249999999999999778e-01 3.512000000000000011e+00
7.349999999999999867e-01 2.763999999999999790e+00
7.449999999999999956e-01 2.073999999999999844e+00
7.550000000000000044e-01 1.387999999999999901e+00
7.650000000000000133e-01 9.439999999999999503e-01
7.750000000000000222e-01 5.639999999999999458e-01
7.850000000000000311e-01 4.149999999999999800e-01
7.950000000000000400e-01 2.570000000000000062e-01
8.050000000000000488e-01 2.000000000000000111e-01
8.149999999999999467e-01 1.479999999999999927e-01
8.249999999999999556e-01 9.500000000000000111e-02
8.349999999999999645e-01 9.099999999999999756e-02
8.449999999999999734e-01 8.400000000000000522e-02
8.549999999999999822e-01 5.299999999999999850e-02
8.649999999999999911e-01 5.399999999999999939e-02
8.750000000000000000e-01 4.100000000000000172e-02
8.850000000000000089e-01 3.899999999999999994e-02
8.950000000000000178e-01 2.900000000000000147e-02
9.050000000000000266e-01 2.199999999999999872e-02
9.150000000000000355e-01 2.000000000000000042e-02
9.250000000000000444e-01 1.899999999999999953e-02
9.350000000000000533e-01 1.700000000000000122e-02
9.449999999999999512e-01 2.000000000000000042e-02
9.549999999999999600e-01 1.499999999999999944e-02
9.649999999999999689e-01 1.899999999999999953e-02
9.749999999999999778e-01 1.499999999999999944e-02
9.849999999999999867e-01 1.700000000000000122e-02
9.949999999999999956e-01 1.499999999999999944e-02
1.004999999999999893e+00 6.000000000000000125e-03
1.015000000000000124e+00 1.700000000000000122e-02
1.024999999999999911e+00 2.000000000000000042e-02
1.035000000000000142e+00 5.000000000000000104e-03
1.044999999999999929e+00 8.999999999999999320e-03
1.055000000000000160e+00 1.400000000000000029e-02
1.064999999999999947e+00 1.200000000000000025e-02
1.075000000000000178e+00 1.000000000000000021e-02
1.084999999999999964e+00 1.299999999999999940e-02
1.095000000000000195e+00 8.000000000000000167e-03
1.104999999999999982e+00 8.000000000000000167e-03
1.115000000000000213e+00 8.999999999999999320e-03
1.125000000000000000e+00 5.000000000000000104e-03
1.134999999999999787e+00 2.000000000000000042e-03
1.145000000000000018e+00 8.000000000000000167e-03
1.154999999999999805e+00 5.000000000000000104e-03
1.165000000000000036e+00 5.000000000000000104e-03
1.174999999999999822e+00 3.000000000000000062e-03
1.185000000000000053e+00 0.000000000000000000e+00
1.194999999999999840e+00 5.000000000000000104e-03
1.205000000000000071e+00 2.000000000000000042e-03
1.214999999999999858e+00 5.000000000000000104e-03
1.225000000000000089e+00 3.000000000000000062e-03
1.234999999999999876e+00 0.000000000000000000e+00
1.245000000000000107e+00 3.000000000000000062e-03
1.254999999999999893e+00 3.000000000000000062e-03
1.265000000000000124e+00 0.000000000000000000e+00
1.274999999999999911e+00 5.000000000000000104e-03
1.285000000000000142e+00 2.000000000000000042e-03
1.294999999999999929e+00 1.000000000000000021e-03
1.305000000000000160e+00 0.000000000000000000e+00
1.314999999999999947e+00 3.000000000000000062e-03
1.325000000000000178e+00 2.000000000000000042e-03
1.334999999999999964e+00 0.000000000000000000e+00
1.345000000000000195e+00 1.000000000000000021e-03
1.354999999999999982e+00 2.000000000000000042e-03
1.365000000000000213e+00 0.000000000000000000e+00
1.375000000000000000e+00 0.000000000000000000e+00
1.384999999999999787e+00 2.000000000000000042e-03
1.395000000000000018e+00 0.000000000000000000e+00
1.404999999999999805e+00 0.000000000000000000e+00
1.415000000000000036e+00 0.000000000000000000e+00
1.424999999999999822e+00 0.000000000000000000e+00
1.435000000000000053e+00 0.000000000000000000e+00
1.444999999999999840e+00 2.000000000000000042e-03
1.455000000000000071e+00 0.000000000000000000e+00
1.464999999999999858e+00 0.000000000000000000e+00
1.475000000000000089e+00 0.000000000000000000e+00
1.484999999999999876e+00 0.000000000000000000e+00
