# Angular number densities per z bin ("number per bin")
# i.e., the number of galaxies per sq.deg. that have zmin<z<zmax.
# Both imaging and spectroscopic weights are included.
# 
# Columns are: redshift, dNdz
5.000000000000000104e-03 1.000000000000000021e-03
1.499999999999999771e-02 1.486363636363636359e-03
2.500000000000000139e-02 3.284090909090909682e-03
3.500000000000000333e-02 4.256818181818182792e-03
4.499999999999999833e-02 2.000000000000000042e-03
5.500000000000000722e-02 7.770454545454546537e-03
6.500000000000000222e-02 3.486363636363636834e-03
7.500000000000001110e-02 4.540909090909091110e-03
8.499999999999997835e-02 9.540909090909092949e-03
9.500000000000000111e-02 8.202272727272726452e-03
1.050000000000000100e-01 9.513636363636364737e-03
1.149999999999999911e-01 1.005454545454545490e-02
1.250000000000000000e-01 8.027272727272726643e-03
1.350000000000000089e-01 1.028409090909090939e-02
1.450000000000000178e-01 8.513636363636365584e-03
1.549999999999999989e-01 8.999999999999999320e-03
1.650000000000000078e-01 6.256818181818181966e-03
1.749999999999999889e-01 1.108181818181818400e-02
1.850000000000000255e-01 1.097272727272727288e-02
1.950000000000000067e-01 1.051363636363636389e-02
2.050000000000000433e-01 1.259545454545454683e-02
2.149999999999999967e-01 1.251363636363636393e-02
2.250000000000000056e-01 8.743181818181818346e-03
2.349999999999999867e-01 5.770454545454545628e-03
2.450000000000000233e-01 8.256818181818182875e-03
2.550000000000000044e-01 9.054545454545455743e-03
2.650000000000000133e-01 1.048636363636363568e-02
2.750000000000000222e-01 7.770454545454546537e-03
2.850000000000000866e-01 8.999999999999999320e-03
2.949999999999999845e-01 8.000000000000000167e-03
3.049999999999999933e-01 6.256818181818181966e-03
3.150000000000000577e-01 3.166136363636364026e-02
3.250000000000000111e-01 1.122954545454545386e-02
3.350000000000000755e-01 1.148636363636363657e-02
3.449999999999999734e-01 1.228409090909091117e-02
3.549999999999999822e-01 1.005454545454545490e-02
3.649999999999999911e-01 9.743181818181817500e-03
3.750000000000000000e-01 8.486363636363635637e-03
3.850000000000000089e-01 1.608181818181818323e-02
3.950000000000000733e-01 8.770454545454544823e-03
4.050000000000000266e-01 1.248636363636363746e-02
4.149999999999999245e-01 1.128409090909090855e-02
4.250000000000000444e-01 7.513636363636364696e-03
4.349999999999999978e-01 7.486363636363637351e-03
4.450000000000000067e-01 7.540909090909091173e-03
4.550000000000000155e-01 8.513636363636365584e-03
4.650000000000000244e-01 1.205454545454545494e-02
4.749999999999999778e-01 1.100000000000000110e-02
4.849999999999999867e-01 7.229545454545454643e-03
4.950000000000000511e-01 8.284090909090909352e-03
5.050000000000000044e-01 5.256818181818181945e-03
5.150000000000000133e-01 6.054545454545454813e-03
5.250000000000000222e-01 7.256818181818181987e-03
5.350000000000000311e-01 1.122954545454545386e-02
5.450000000000000400e-01 2.405454545454545692e-02
5.550000000000000488e-01 1.885227272727272793e-02
5.649999999999999467e-01 1.248636363636363746e-02
5.749999999999999556e-01 2.456818181818182234e-02
5.849999999999999645e-01 2.131136363636363870e-02
5.949999999999999734e-01 1.805454545454545506e-02
6.049999999999999822e-01 2.356818181818182145e-02
6.149999999999999911e-01 2.610909090909090818e-02
6.250000000000000000e-01 2.408181818181818340e-02
6.350000000000000089e-01 2.833863636363636793e-02
6.450000000000000178e-01 3.467727272727273019e-02
6.550000000000001377e-01 4.044772727272728102e-02
6.650000000000000355e-01 4.470454545454546208e-02
6.750000000000000444e-01 5.532727272727273188e-02
6.850000000000000533e-01 6.686818181818181273e-02
6.949999999999999512e-01 9.496590909090911470e-02
7.050000000000000711e-01 1.140204545454545498e-01
7.150000000000000799e-01 1.577795454545454779e-01
7.249999999999999778e-01 2.219159090909090803e-01
7.349999999999999867e-01 2.699590909090909263e-01
7.449999999999999956e-01 3.533681818181818590e-01
7.550000000000000044e-01 5.020068181818182484e-01
7.650000000000000133e-01 7.441477272727272663e-01
7.750000000000000222e-01 1.179409090909090851e+00
7.849999999999999201e-01 1.661881818181818460e+00
7.950000000000001510e-01 2.417693181818181714e+00
8.050000000000001599e-01 2.931665909090908961e+00
8.149999999999999467e-01 3.405084090909090921e+00
8.249999999999999556e-01 3.795731818181818262e+00
8.349999999999999645e-01 4.473424999999999763e+00
8.449999999999999734e-01 5.086740909090909035e+00
8.550000000000000933e-01 5.552186363636363531e+00
8.649999999999999911e-01 5.832420454545454547e+00
8.750000000000000000e-01 6.263295454545454888e+00
8.850000000000000089e-01 6.636688636363636817e+00
8.949999999999999067e-01 6.823243181818182457e+00
9.050000000000000266e-01 7.143870454545454329e+00
9.150000000000001465e-01 6.987684090909091594e+00
9.250000000000001554e-01 6.879609090909091229e+00
9.350000000000000533e-01 6.886293181818182063e+00
9.449999999999999512e-01 6.630288636363637522e+00
9.549999999999998490e-01 6.332690909090909592e+00
9.650000000000000799e-01 5.810245454545455601e+00
9.749999999999999778e-01 5.254581818181818242e+00
9.849999999999999867e-01 4.717188636363636611e+00
9.949999999999999956e-01 4.264093181818181755e+00
1.004999999999999893e+00 3.825400000000000134e+00
1.015000000000000124e+00 3.555500000000000327e+00
1.025000000000000133e+00 3.104149999999999743e+00
1.035000000000000142e+00 2.641988636363636456e+00
1.044999999999999929e+00 2.385015909090909325e+00
1.055000000000000160e+00 2.048677272727272403e+00
1.064999999999999947e+00 1.719693181818181760e+00
1.075000000000000400e+00 1.489361363636363844e+00
1.084999999999999964e+00 1.243863636363636616e+00
1.095000000000000195e+00 1.068163636363636426e+00
1.104999999999999982e+00 8.593272727272728284e-01
1.115000000000000213e+00 7.336454545454546006e-01
1.125000000000000222e+00 5.785022727272727261e-01
1.134999999999999787e+00 4.897977272727272458e-01
1.145000000000000018e+00 4.133659090909090339e-01
1.154999999999999805e+00 3.302568181818182347e-01
1.165000000000000036e+00 2.758636363636364219e-01
1.174999999999999822e+00 2.134477272727272612e-01
1.185000000000000053e+00 1.703818181818181898e-01
1.195000000000000062e+00 1.330431818181818104e-01
1.205000000000000071e+00 1.232727272727272838e-01
1.215000000000000080e+00 8.908181818181817868e-02
1.224999999999999867e+00 7.959545454545455256e-02
1.234999999999999876e+00 6.385227272727272974e-02
1.245000000000000329e+00 5.310909090909091829e-02
1.254999999999999893e+00 4.931136363636363928e-02
1.265000000000000124e+00 3.513636363636363918e-02
1.275000000000000133e+00 2.854090909090908901e-02
1.285000000000000142e+00 2.687954545454545457e-02
1.294999999999999929e+00 2.608181818181818518e-02
1.305000000000000160e+00 1.720227272727272924e-02
1.314999999999999947e+00 2.591818181818182285e-02
1.325000000000000400e+00 2.071590909090909385e-02
1.334999999999999964e+00 1.120227272727272738e-02
1.345000000000000417e+00 8.000000000000000167e-03
1.354999999999999982e+00 8.972727272727272843e-03
1.365000000000000213e+00 9.540909090909092949e-03
1.375000000000000222e+00 5.972727272727272781e-03
1.384999999999999787e+00 6.000000000000000992e-03
1.395000000000000018e+00 3.743181818181818676e-03
1.404999999999999805e+00 3.000000000000000496e-03
1.415000000000000258e+00 3.000000000000000496e-03
1.424999999999999600e+00 3.000000000000000496e-03
1.435000000000000053e+00 2.229545454545454539e-03
1.445000000000000062e+00 1.486363636363636359e-03
1.455000000000000071e+00 0.000000000000000000e+00
1.464999999999999858e+00 0.000000000000000000e+00
1.475000000000000311e+00 0.000000000000000000e+00
1.484999999999999876e+00 0.000000000000000000e+00
