# Angular number densities per z bin ("number per bin")
# i.e., the number of galaxies per sq.deg. that have zmin<z<zmax.
# Both imaging and spectroscopic weights are included.
# 
# Columns are: redshift, dNdz
5.000000000000000104e-03 1.256818181818181862e-03
1.499999999999999771e-02 5.136363636363637910e-04
2.500000000000000139e-02 1.486363636363636359e-03
3.500000000000000333e-02 4.513636363636363766e-03
4.499999999999999833e-02 5.743181818181818284e-03
5.500000000000000722e-02 7.256818181818181987e-03
6.500000000000000222e-02 1.133863636363636671e-02
7.500000000000001110e-02 1.379772727272727401e-02
8.499999999999997835e-02 1.479772727272727316e-02
9.500000000000000111e-02 1.454090909090909045e-02
1.050000000000000100e-01 1.545909090909091017e-02
1.149999999999999911e-01 1.279772727272727138e-02
1.250000000000000000e-01 1.397272727272727208e-02
1.350000000000000089e-01 1.525681818181818042e-02
1.450000000000000178e-01 1.431136363636363769e-02
1.549999999999999989e-01 1.174318181818181928e-02
1.650000000000000078e-01 1.477045454545454668e-02
1.749999999999999889e-01 1.471590909090909199e-02
1.850000000000000255e-01 1.843181818181818116e-02
1.950000000000000067e-01 1.679772727272726973e-02
2.050000000000000433e-01 1.677045454545454672e-02
2.149999999999999967e-01 1.905454545454545595e-02
2.250000000000000056e-01 2.217500000000000374e-02
2.349999999999999867e-01 2.497272727272727491e-02
2.450000000000000233e-01 2.248636363636363766e-02
2.550000000000000044e-01 2.174318181818181775e-02
2.650000000000000133e-01 2.822954545454545855e-02
2.750000000000000222e-01 2.425681818181818147e-02
2.850000000000000866e-01 3.045909090909091135e-02
2.949999999999999845e-01 3.568863636363636682e-02
3.049999999999999933e-01 4.494545454545454538e-02
3.150000000000000577e-01 5.899999999999999689e-02
3.250000000000000111e-01 4.614772727272727776e-02
3.350000000000000755e-01 6.994545454545454677e-02
3.449999999999999734e-01 6.912045454545454048e-02
3.549999999999999822e-01 6.714772727272727559e-02
3.649999999999999911e-01 6.791818181818180811e-02
3.750000000000000000e-01 8.148636363636363455e-02
3.850000000000000089e-01 8.966136363636365014e-02
3.950000000000000733e-01 9.809318181818182936e-02
4.050000000000000266e-01 9.783636363636363797e-02
4.149999999999999245e-01 1.055522727272727307e-01
4.250000000000000444e-01 1.141750000000000126e-01
4.349999999999999978e-01 1.506340909090909119e-01
4.450000000000000067e-01 1.769840909090909242e-01
4.550000000000000155e-01 2.171204545454545609e-01
4.650000000000000244e-01 2.665090909090909177e-01
4.749999999999999778e-01 3.139840909090909071e-01
4.849999999999999867e-01 4.265636363636364226e-01
4.950000000000000511e-01 5.978909090909091395e-01
5.050000000000000044e-01 9.142727272727273480e-01
5.150000000000000133e-01 1.313077272727272593e+00
5.250000000000000222e-01 1.973084090909090760e+00
5.350000000000000311e-01 3.147054545454545771e+00
5.450000000000000400e-01 4.456368181818181284e+00
5.550000000000000488e-01 5.795797727272726796e+00
5.649999999999999467e-01 6.783318181818182246e+00
5.749999999999999556e-01 7.110761363636363797e+00
5.849999999999999645e-01 7.415815909090909486e+00
5.949999999999999734e-01 7.769245454545455232e+00
6.049999999999999822e-01 8.149927272727273575e+00
6.149999999999999911e-01 8.331872727272726209e+00
6.250000000000000000e-01 8.142875000000000085e+00
6.350000000000000089e-01 8.124140909090909801e+00
6.450000000000000178e-01 8.082293181818183569e+00
6.550000000000001377e-01 8.060415909090909992e+00
6.650000000000000355e-01 7.902097727272727745e+00
6.750000000000000444e-01 7.481922727272727336e+00
6.850000000000000533e-01 7.031811363636363943e+00
6.949999999999999512e-01 6.193888636363635847e+00
7.050000000000000711e-01 5.081388636363636913e+00
7.150000000000000799e-01 4.038025000000000198e+00
7.249999999999999778e-01 3.160475000000000367e+00
7.349999999999999867e-01 2.451863636363636356e+00
7.449999999999999956e-01 1.839154545454545264e+00
7.550000000000000044e-01 1.229702272727272838e+00
7.650000000000000133e-01 7.522590909090910438e-01
7.750000000000000222e-01 4.406318181818182356e-01
7.849999999999999201e-01 2.477840909090908983e-01
7.950000000000001510e-01 1.514681818181818351e-01
8.050000000000001599e-01 1.204795454545454780e-01
8.149999999999999467e-01 9.003181818181818508e-02
8.249999999999999556e-01 6.527272727272727393e-02
8.349999999999999645e-01 5.904318181818182104e-02
8.449999999999999734e-01 5.055681818181818887e-02
8.550000000000000933e-01 3.962272727272728168e-02
8.649999999999999911e-01 3.467727272727273019e-02
8.750000000000000000e-01 2.985227272727272729e-02
8.850000000000000089e-01 2.785227272727272899e-02
8.949999999999999067e-01 2.156818181818181621e-02
9.050000000000000266e-01 2.571590909090909136e-02
9.150000000000001465e-01 1.851363636363636406e-02
9.250000000000001554e-01 1.751363636363636317e-02
9.350000000000000533e-01 1.625681818181818131e-02
9.449999999999999512e-01 1.405454545454545671e-02
9.549999999999998490e-01 1.277045454545454491e-02
9.650000000000000799e-01 1.379772727272727401e-02
9.749999999999999778e-01 1.351363636363636482e-02
9.849999999999999867e-01 1.551363636363636313e-02
9.949999999999999956e-01 1.128409090909090855e-02
1.004999999999999893e+00 8.972727272727272843e-03
1.015000000000000124e+00 1.179772727272727223e-02
1.025000000000000133e+00 1.331136363636363680e-02
1.035000000000000142e+00 7.229545454545454643e-03
1.044999999999999929e+00 8.256818181818182875e-03
1.055000000000000160e+00 1.028409090909090939e-02
1.064999999999999947e+00 1.125681818181818034e-02
1.075000000000000400e+00 1.000000000000000021e-02
1.084999999999999964e+00 8.540909090909092061e-03
1.095000000000000195e+00 8.000000000000000167e-03
1.104999999999999982e+00 5.770454545454545628e-03
1.115000000000000213e+00 6.770454545454545649e-03
1.125000000000000222e+00 5.743181818181818284e-03
1.134999999999999787e+00 5.715909090909090939e-03
1.145000000000000018e+00 5.770454545454545628e-03
1.154999999999999805e+00 5.000000000000000104e-03
1.165000000000000036e+00 5.000000000000000104e-03
1.174999999999999822e+00 3.000000000000000496e-03
1.185000000000000053e+00 2.972727272727272718e-03
1.195000000000000062e+00 2.770454545454545999e-03
1.205000000000000071e+00 2.743181818181818221e-03
1.215000000000000080e+00 2.770454545454545999e-03
1.224999999999999867e+00 4.486363636363636422e-03
1.234999999999999876e+00 1.486363636363636359e-03
1.245000000000000329e+00 1.513636363636363703e-03
1.254999999999999893e+00 1.513636363636363703e-03
1.265000000000000124e+00 1.486363636363636359e-03
1.275000000000000133e+00 3.513636363636364179e-03
1.285000000000000142e+00 2.000000000000000042e-03
1.294999999999999929e+00 1.743181818181818417e-03
1.305000000000000160e+00 7.431818181818181795e-04
1.314999999999999947e+00 5.972727272727272781e-03
1.325000000000000400e+00 2.743181818181818221e-03
1.334999999999999964e+00 7.431818181818181795e-04
1.345000000000000417e+00 1.000000000000000021e-03
1.354999999999999982e+00 2.000000000000000042e-03
1.365000000000000213e+00 7.431818181818181795e-04
1.375000000000000222e+00 0.000000000000000000e+00
1.384999999999999787e+00 2.000000000000000042e-03
1.395000000000000018e+00 7.431818181818181795e-04
1.404999999999999805e+00 0.000000000000000000e+00
1.415000000000000258e+00 1.486363636363636359e-03
1.424999999999999600e+00 7.431818181818181795e-04
1.435000000000000053e+00 0.000000000000000000e+00
1.445000000000000062e+00 5.136363636363637910e-04
1.455000000000000071e+00 0.000000000000000000e+00
1.464999999999999858e+00 0.000000000000000000e+00
1.475000000000000311e+00 0.000000000000000000e+00
1.484999999999999876e+00 0.000000000000000000e+00
