# Redshift distributions for the four mock LRG samples
# First column is redshift, remaining four are dN/dz for z=z1,z2,z3,z4
#
0.000000000000000000e+00 0.000000000000000000e+00 0.000000000000000000e+00 0.000000000000000000e+00 0.000000000000000000e+00
1.005025125628140718e-02 0.000000000000000000e+00 0.000000000000000000e+00 0.000000000000000000e+00 0.000000000000000000e+00
2.010050251256281437e-02 0.000000000000000000e+00 0.000000000000000000e+00 0.000000000000000000e+00 0.000000000000000000e+00
3.015075376884421982e-02 0.000000000000000000e+00 0.000000000000000000e+00 0.000000000000000000e+00 0.000000000000000000e+00
4.020100502512562873e-02 0.000000000000000000e+00 0.000000000000000000e+00 0.000000000000000000e+00 0.000000000000000000e+00
5.025125628140703765e-02 0.000000000000000000e+00 0.000000000000000000e+00 0.000000000000000000e+00 0.000000000000000000e+00
6.030150753768843963e-02 0.000000000000000000e+00 0.000000000000000000e+00 0.000000000000000000e+00 0.000000000000000000e+00
7.035175879396984855e-02 0.000000000000000000e+00 0.000000000000000000e+00 0.000000000000000000e+00 0.000000000000000000e+00
8.040201005025125747e-02 0.000000000000000000e+00 0.000000000000000000e+00 0.000000000000000000e+00 0.000000000000000000e+00
9.045226130653266639e-02 0.000000000000000000e+00 0.000000000000000000e+00 0.000000000000000000e+00 0.000000000000000000e+00
1.005025125628140753e-01 0.000000000000000000e+00 0.000000000000000000e+00 0.000000000000000000e+00 0.000000000000000000e+00
1.105527638190954842e-01 0.000000000000000000e+00 0.000000000000000000e+00 0.000000000000000000e+00 0.000000000000000000e+00
1.206030150753768793e-01 0.000000000000000000e+00 0.000000000000000000e+00 0.000000000000000000e+00 0.000000000000000000e+00
1.306532663316583021e-01 0.000000000000000000e+00 0.000000000000000000e+00 0.000000000000000000e+00 0.000000000000000000e+00
1.407035175879396971e-01 0.000000000000000000e+00 0.000000000000000000e+00 0.000000000000000000e+00 0.000000000000000000e+00
1.507537688442211199e-01 0.000000000000000000e+00 0.000000000000000000e+00 0.000000000000000000e+00 0.000000000000000000e+00
1.608040201005025149e-01 0.000000000000000000e+00 0.000000000000000000e+00 0.000000000000000000e+00 0.000000000000000000e+00
1.708542713567839100e-01 0.000000000000000000e+00 0.000000000000000000e+00 0.000000000000000000e+00 0.000000000000000000e+00
1.809045226130653328e-01 0.000000000000000000e+00 0.000000000000000000e+00 0.000000000000000000e+00 0.000000000000000000e+00
1.909547738693467278e-01 0.000000000000000000e+00 0.000000000000000000e+00 0.000000000000000000e+00 0.000000000000000000e+00
2.010050251256281506e-01 0.000000000000000000e+00 0.000000000000000000e+00 0.000000000000000000e+00 0.000000000000000000e+00
2.110552763819095456e-01 0.000000000000000000e+00 0.000000000000000000e+00 0.000000000000000000e+00 0.000000000000000000e+00
2.211055276381909684e-01 0.000000000000000000e+00 0.000000000000000000e+00 0.000000000000000000e+00 0.000000000000000000e+00
2.311557788944723635e-01 0.000000000000000000e+00 0.000000000000000000e+00 0.000000000000000000e+00 0.000000000000000000e+00
2.412060301507537585e-01 0.000000000000000000e+00 0.000000000000000000e+00 0.000000000000000000e+00 0.000000000000000000e+00
2.512562814070351536e-01 0.000000000000000000e+00 0.000000000000000000e+00 0.000000000000000000e+00 0.000000000000000000e+00
2.613065326633166041e-01 0.000000000000000000e+00 0.000000000000000000e+00 0.000000000000000000e+00 0.000000000000000000e+00
2.713567839195979992e-01 0.000000000000000000e+00 0.000000000000000000e+00 0.000000000000000000e+00 0.000000000000000000e+00
2.814070351758793942e-01 0.000000000000000000e+00 0.000000000000000000e+00 0.000000000000000000e+00 0.000000000000000000e+00
2.914572864321607892e-01 0.000000000000000000e+00 0.000000000000000000e+00 0.000000000000000000e+00 0.000000000000000000e+00
3.015075376884422398e-01 0.000000000000000000e+00 0.000000000000000000e+00 0.000000000000000000e+00 0.000000000000000000e+00
3.115577889447236348e-01 0.000000000000000000e+00 0.000000000000000000e+00 0.000000000000000000e+00 0.000000000000000000e+00
3.216080402010050299e-01 0.000000000000000000e+00 0.000000000000000000e+00 0.000000000000000000e+00 0.000000000000000000e+00
3.316582914572864249e-01 0.000000000000000000e+00 0.000000000000000000e+00 0.000000000000000000e+00 0.000000000000000000e+00
3.417085427135678199e-01 0.000000000000000000e+00 0.000000000000000000e+00 0.000000000000000000e+00 0.000000000000000000e+00
3.517587939698492705e-01 2.241038417085438050e-01 0.000000000000000000e+00 0.000000000000000000e+00 0.000000000000000000e+00
3.618090452261306655e-01 4.702229371859302232e-01 0.000000000000000000e+00 0.000000000000000000e+00 0.000000000000000000e+00
3.718592964824120606e-01 7.718837738693469230e-01 0.000000000000000000e+00 0.000000000000000000e+00 0.000000000000000000e+00
3.819095477386934556e-01 1.318228497487436091e+00 0.000000000000000000e+00 0.000000000000000000e+00 0.000000000000000000e+00
3.919597989949749062e-01 1.909265751256282950e+00 0.000000000000000000e+00 0.000000000000000000e+00 0.000000000000000000e+00
4.020100502512563012e-01 2.684802937185931881e+00 0.000000000000000000e+00 0.000000000000000000e+00 0.000000000000000000e+00
4.120603015075376963e-01 3.425159135678393696e+00 0.000000000000000000e+00 0.000000000000000000e+00 0.000000000000000000e+00
4.221105527638190913e-01 4.029081748743719160e+00 0.000000000000000000e+00 0.000000000000000000e+00 0.000000000000000000e+00
4.321608040201004863e-01 4.611009105527638319e+00 0.000000000000000000e+00 0.000000000000000000e+00 0.000000000000000000e+00
4.422110552763819369e-01 5.112628201005025907e+00 0.000000000000000000e+00 0.000000000000000000e+00 0.000000000000000000e+00
4.522613065326633319e-01 5.579881316582914863e+00 0.000000000000000000e+00 0.000000000000000000e+00 0.000000000000000000e+00
4.623115577889447270e-01 5.928762723618090646e+00 0.000000000000000000e+00 0.000000000000000000e+00 0.000000000000000000e+00
4.723618090452261220e-01 6.278810510050251814e+00 0.000000000000000000e+00 0.000000000000000000e+00 0.000000000000000000e+00
4.824120603015075170e-01 6.632655233668341310e+00 0.000000000000000000e+00 0.000000000000000000e+00 0.000000000000000000e+00
4.924623115577889676e-01 6.944053645728644142e+00 1.707965879396990960e-01 0.000000000000000000e+00 0.000000000000000000e+00
5.025125628140703071e-01 7.124648118090451732e+00 3.710398040200996173e-01 0.000000000000000000e+00 0.000000000000000000e+00
5.125628140703517577e-01 7.148769592964825392e+00 6.489218065326627372e-01 0.000000000000000000e+00 0.000000000000000000e+00
5.226130653266332082e-01 6.715744467336683066e+00 1.153630851758795206e+00 0.000000000000000000e+00 0.000000000000000000e+00
5.326633165829145478e-01 6.107809487437192431e+00 1.728203618090448090e+00 0.000000000000000000e+00 0.000000000000000000e+00
5.427135678391959983e-01 5.014747175879398888e+00 2.496549346733666574e+00 0.000000000000000000e+00 0.000000000000000000e+00
5.527638190954774489e-01 3.924241120603011890e+00 3.266845917085429374e+00 0.000000000000000000e+00 0.000000000000000000e+00
5.628140703517587884e-01 2.840474286432159712e+00 4.042285615577890567e+00 0.000000000000000000e+00 0.000000000000000000e+00
5.728643216080402389e-01 1.875058356783913860e+00 4.735423472361813602e+00 0.000000000000000000e+00 0.000000000000000000e+00
5.829145728643215785e-01 1.206557854271356423e+00 5.222084778894473089e+00 0.000000000000000000e+00 0.000000000000000000e+00
5.929648241206030290e-01 6.574042713567826990e-01 5.642248489949749590e+00 0.000000000000000000e+00 0.000000000000000000e+00
6.030150753768844796e-01 3.934695979899476836e-01 5.903494218592967080e+00 0.000000000000000000e+00 0.000000000000000000e+00
6.130653266331658191e-01 0.000000000000000000e+00 6.148092924623115962e+00 0.000000000000000000e+00 0.000000000000000000e+00
6.231155778894472697e-01 0.000000000000000000e+00 6.354758251256282797e+00 0.000000000000000000e+00 0.000000000000000000e+00
6.331658291457286092e-01 0.000000000000000000e+00 6.472614314070352037e+00 1.165695778894466628e-01 0.000000000000000000e+00
6.432160804020100597e-01 0.000000000000000000e+00 6.397345469849246236e+00 2.538349045226129808e-01 0.000000000000000000e+00
6.532663316582915103e-01 0.000000000000000000e+00 6.215456701005024343e+00 4.596492638190964319e-01 0.000000000000000000e+00
6.633165829145728498e-01 0.000000000000000000e+00 5.812126550251258017e+00 8.078346909547721166e-01 0.000000000000000000e+00
6.733668341708543004e-01 0.000000000000000000e+00 5.336323442211054591e+00 1.241054228643216240e+00 0.000000000000000000e+00
6.834170854271356399e-01 0.000000000000000000e+00 4.716656105527639475e+00 1.843072821608039202e+00 0.000000000000000000e+00
6.934673366834170904e-01 0.000000000000000000e+00 4.055651701005021259e+00 2.481098492462315175e+00 0.000000000000000000e+00
7.035175879396985410e-01 0.000000000000000000e+00 3.316166776381902714e+00 3.187485427135684724e+00 0.000000000000000000e+00
7.135678391959798805e-01 0.000000000000000000e+00 2.615805706030149835e+00 3.846583685929648944e+00 0.000000000000000000e+00
7.236180904522613311e-01 0.000000000000000000e+00 1.986528821608037010e+00 4.419763082914575314e+00 0.000000000000000000e+00
7.336683417085426706e-01 0.000000000000000000e+00 1.436768195979900575e+00 4.908816582914571569e+00 0.000000000000000000e+00
7.437185929648241212e-01 0.000000000000000000e+00 1.025344075376884323e+00 5.251514070351758434e+00 0.000000000000000000e+00
7.537688442211055717e-01 0.000000000000000000e+00 6.907046909547730484e-01 5.571331658291458488e+00 0.000000000000000000e+00
7.638190954773869112e-01 0.000000000000000000e+00 4.840398668341715505e-01 5.853016080402008825e+00 0.000000000000000000e+00
7.738693467336683618e-01 0.000000000000000000e+00 3.181144271356783904e-01 6.067013246231155676e+00 2.205644849246231054e-01
7.839195979899498123e-01 0.000000000000000000e+00 2.172661859296479148e-01 6.172886613065326600e+00 4.051579522613071305e-01
7.939698492462311519e-01 0.000000000000000000e+00 1.383043190954775792e-01 6.146768248743719631e+00 6.689465376884405901e-01
8.040201005025126024e-01 0.000000000000000000e+00 9.286462060301510502e-02 5.918485334170854983e+00 1.054033974874371449e+00
8.140703517587939420e-01 0.000000000000000000e+00 0.000000000000000000e+00 5.583827032663320367e+00 1.501270595477383507e+00
8.241206030150753925e-01 0.000000000000000000e+00 0.000000000000000000e+00 5.092888841708541392e+00 2.039812806532665057e+00
8.341708542713568431e-01 0.000000000000000000e+00 0.000000000000000000e+00 4.545010148241200199e+00 2.591186025125633563e+00
8.442211055276381826e-01 0.000000000000000000e+00 0.000000000000000000e+00 3.916865927135677161e+00 3.160646326633167025e+00
8.542713567839196331e-01 0.000000000000000000e+00 0.000000000000000000e+00 3.317812208542710639e+00 3.686084530150756322e+00
8.643216080402009727e-01 0.000000000000000000e+00 0.000000000000000000e+00 2.758116228643217482e+00 4.151963424623114740e+00
8.743718592964824232e-01 0.000000000000000000e+00 0.000000000000000000e+00 2.240208010050250831e+00 4.524589248743718706e+00
8.844221105527638738e-01 0.000000000000000000e+00 0.000000000000000000e+00 1.776575849246229133e+00 4.776093268844221917e+00
8.944723618090452133e-01 0.000000000000000000e+00 0.000000000000000000e+00 1.385862193467337633e+00 4.980922155778893412e+00
9.045226130653266639e-01 0.000000000000000000e+00 0.000000000000000000e+00 1.086091841708542560e+00 5.127538236180904541e+00
9.145728643216080034e-01 0.000000000000000000e+00 0.000000000000000000e+00 8.331851180904537024e-01 5.176181384422110732e+00
9.246231155778894539e-01 0.000000000000000000e+00 0.000000000000000000e+00 6.364117512562821322e-01 5.107472339195980204e+00
9.346733668341709045e-01 0.000000000000000000e+00 0.000000000000000000e+00 4.750129673366831340e-01 4.965528597989949056e+00
9.447236180904522440e-01 0.000000000000000000e+00 0.000000000000000000e+00 3.543139723618090042e-01 4.739325582914572621e+00
9.547738693467336946e-01 0.000000000000000000e+00 0.000000000000000000e+00 2.549937964824115499e-01 4.426827241206026997e+00
9.648241206030150341e-01 0.000000000000000000e+00 0.000000000000000000e+00 1.793028417085427983e-01 4.018949854271356870e+00
9.748743718592964846e-01 0.000000000000000000e+00 0.000000000000000000e+00 1.243528266331657556e-01 3.673547778894471705e+00
9.849246231155779352e-01 0.000000000000000000e+00 0.000000000000000000e+00 9.142669597989930286e-02 3.394485467336681772e+00
9.949748743718592747e-01 0.000000000000000000e+00 0.000000000000000000e+00 0.000000000000000000e+00 3.121219133165829440e+00
1.005025125628140614e+00 0.000000000000000000e+00 0.000000000000000000e+00 0.000000000000000000e+00 2.853865866834173204e+00
1.015075376884422065e+00 0.000000000000000000e+00 0.000000000000000000e+00 0.000000000000000000e+00 2.589803221105529296e+00
1.025125628140703515e+00 0.000000000000000000e+00 0.000000000000000000e+00 0.000000000000000000e+00 2.328966035175879856e+00
1.035175879396984966e+00 0.000000000000000000e+00 0.000000000000000000e+00 0.000000000000000000e+00 2.084348761306532349e+00
1.045226130653266416e+00 0.000000000000000000e+00 0.000000000000000000e+00 0.000000000000000000e+00 1.855006550251255382e+00
1.055276381909547645e+00 0.000000000000000000e+00 0.000000000000000000e+00 0.000000000000000000e+00 1.633771763819098499e+00
1.065326633165829096e+00 0.000000000000000000e+00 0.000000000000000000e+00 0.000000000000000000e+00 1.419872266331660526e+00
1.075376884422110546e+00 0.000000000000000000e+00 0.000000000000000000e+00 0.000000000000000000e+00 1.227606932160805187e+00
1.085427135678391997e+00 0.000000000000000000e+00 0.000000000000000000e+00 0.000000000000000000e+00 1.054145123115578508e+00
1.095477386934673447e+00 0.000000000000000000e+00 0.000000000000000000e+00 0.000000000000000000e+00 8.965537688442211106e-01
1.105527638190954898e+00 0.000000000000000000e+00 0.000000000000000000e+00 0.000000000000000000e+00 7.522120603015071127e-01
1.115577889447236126e+00 0.000000000000000000e+00 0.000000000000000000e+00 0.000000000000000000e+00 6.286934497487447482e-01
1.125628140703517577e+00 0.000000000000000000e+00 0.000000000000000000e+00 0.000000000000000000e+00 5.218708366834166057e-01
1.135678391959799027e+00 0.000000000000000000e+00 0.000000000000000000e+00 0.000000000000000000e+00 4.272916884422099382e-01
1.145728643216080478e+00 0.000000000000000000e+00 0.000000000000000000e+00 0.000000000000000000e+00 3.421389246231141823e-01
1.155778894472361928e+00 0.000000000000000000e+00 0.000000000000000000e+00 0.000000000000000000e+00 2.715637110552752143e-01
1.165829145728643157e+00 0.000000000000000000e+00 0.000000000000000000e+00 0.000000000000000000e+00 2.117632085427134658e-01
1.175879396984924607e+00 0.000000000000000000e+00 0.000000000000000000e+00 0.000000000000000000e+00 1.635577587939696376e-01
1.185929648241206058e+00 0.000000000000000000e+00 0.000000000000000000e+00 0.000000000000000000e+00 1.235778592964820732e-01
1.195979899497487509e+00 0.000000000000000000e+00 0.000000000000000000e+00 0.000000000000000000e+00 9.303842713567810063e-02
1.206030150753768959e+00 0.000000000000000000e+00 0.000000000000000000e+00 0.000000000000000000e+00 6.892485929648203835e-02
1.216080402010050188e+00 0.000000000000000000e+00 0.000000000000000000e+00 0.000000000000000000e+00 0.000000000000000000e+00
1.226130653266331638e+00 0.000000000000000000e+00 0.000000000000000000e+00 0.000000000000000000e+00 0.000000000000000000e+00
1.236180904522613089e+00 0.000000000000000000e+00 0.000000000000000000e+00 0.000000000000000000e+00 0.000000000000000000e+00
1.246231155778894539e+00 0.000000000000000000e+00 0.000000000000000000e+00 0.000000000000000000e+00 0.000000000000000000e+00
1.256281407035175990e+00 0.000000000000000000e+00 0.000000000000000000e+00 0.000000000000000000e+00 0.000000000000000000e+00
1.266331658291457218e+00 0.000000000000000000e+00 0.000000000000000000e+00 0.000000000000000000e+00 0.000000000000000000e+00
1.276381909547738669e+00 0.000000000000000000e+00 0.000000000000000000e+00 0.000000000000000000e+00 0.000000000000000000e+00
1.286432160804020119e+00 0.000000000000000000e+00 0.000000000000000000e+00 0.000000000000000000e+00 0.000000000000000000e+00
1.296482412060301570e+00 0.000000000000000000e+00 0.000000000000000000e+00 0.000000000000000000e+00 0.000000000000000000e+00
1.306532663316583021e+00 0.000000000000000000e+00 0.000000000000000000e+00 0.000000000000000000e+00 0.000000000000000000e+00
1.316582914572864249e+00 0.000000000000000000e+00 0.000000000000000000e+00 0.000000000000000000e+00 0.000000000000000000e+00
1.326633165829145700e+00 0.000000000000000000e+00 0.000000000000000000e+00 0.000000000000000000e+00 0.000000000000000000e+00
1.336683417085427150e+00 0.000000000000000000e+00 0.000000000000000000e+00 0.000000000000000000e+00 0.000000000000000000e+00
1.346733668341708601e+00 0.000000000000000000e+00 0.000000000000000000e+00 0.000000000000000000e+00 0.000000000000000000e+00
1.356783919597990051e+00 0.000000000000000000e+00 0.000000000000000000e+00 0.000000000000000000e+00 0.000000000000000000e+00
1.366834170854271280e+00 0.000000000000000000e+00 0.000000000000000000e+00 0.000000000000000000e+00 0.000000000000000000e+00
1.376884422110552730e+00 0.000000000000000000e+00 0.000000000000000000e+00 0.000000000000000000e+00 0.000000000000000000e+00
1.386934673366834181e+00 0.000000000000000000e+00 0.000000000000000000e+00 0.000000000000000000e+00 0.000000000000000000e+00
1.396984924623115631e+00 0.000000000000000000e+00 0.000000000000000000e+00 0.000000000000000000e+00 0.000000000000000000e+00
1.407035175879397082e+00 0.000000000000000000e+00 0.000000000000000000e+00 0.000000000000000000e+00 0.000000000000000000e+00
1.417085427135678311e+00 0.000000000000000000e+00 0.000000000000000000e+00 0.000000000000000000e+00 0.000000000000000000e+00
1.427135678391959761e+00 0.000000000000000000e+00 0.000000000000000000e+00 0.000000000000000000e+00 0.000000000000000000e+00
1.437185929648241212e+00 0.000000000000000000e+00 0.000000000000000000e+00 0.000000000000000000e+00 0.000000000000000000e+00
1.447236180904522662e+00 0.000000000000000000e+00 0.000000000000000000e+00 0.000000000000000000e+00 0.000000000000000000e+00
1.457286432160804113e+00 0.000000000000000000e+00 0.000000000000000000e+00 0.000000000000000000e+00 0.000000000000000000e+00
1.467336683417085341e+00 0.000000000000000000e+00 0.000000000000000000e+00 0.000000000000000000e+00 0.000000000000000000e+00
1.477386934673366792e+00 0.000000000000000000e+00 0.000000000000000000e+00 0.000000000000000000e+00 0.000000000000000000e+00
1.487437185929648242e+00 0.000000000000000000e+00 0.000000000000000000e+00 0.000000000000000000e+00 0.000000000000000000e+00
1.497487437185929693e+00 0.000000000000000000e+00 0.000000000000000000e+00 0.000000000000000000e+00 0.000000000000000000e+00
1.507537688442211143e+00 0.000000000000000000e+00 0.000000000000000000e+00 0.000000000000000000e+00 0.000000000000000000e+00
1.517587939698492594e+00 0.000000000000000000e+00 0.000000000000000000e+00 0.000000000000000000e+00 0.000000000000000000e+00
1.527638190954773822e+00 0.000000000000000000e+00 0.000000000000000000e+00 0.000000000000000000e+00 0.000000000000000000e+00
1.537688442211055273e+00 0.000000000000000000e+00 0.000000000000000000e+00 0.000000000000000000e+00 0.000000000000000000e+00
1.547738693467336724e+00 0.000000000000000000e+00 0.000000000000000000e+00 0.000000000000000000e+00 0.000000000000000000e+00
1.557788944723618174e+00 0.000000000000000000e+00 0.000000000000000000e+00 0.000000000000000000e+00 0.000000000000000000e+00
1.567839195979899625e+00 0.000000000000000000e+00 0.000000000000000000e+00 0.000000000000000000e+00 0.000000000000000000e+00
1.577889447236180853e+00 0.000000000000000000e+00 0.000000000000000000e+00 0.000000000000000000e+00 0.000000000000000000e+00
1.587939698492462304e+00 0.000000000000000000e+00 0.000000000000000000e+00 0.000000000000000000e+00 0.000000000000000000e+00
1.597989949748743754e+00 0.000000000000000000e+00 0.000000000000000000e+00 0.000000000000000000e+00 0.000000000000000000e+00
1.608040201005025205e+00 0.000000000000000000e+00 0.000000000000000000e+00 0.000000000000000000e+00 0.000000000000000000e+00
1.618090452261306655e+00 0.000000000000000000e+00 0.000000000000000000e+00 0.000000000000000000e+00 0.000000000000000000e+00
1.628140703517587884e+00 0.000000000000000000e+00 0.000000000000000000e+00 0.000000000000000000e+00 0.000000000000000000e+00
1.638190954773869334e+00 0.000000000000000000e+00 0.000000000000000000e+00 0.000000000000000000e+00 0.000000000000000000e+00
1.648241206030150785e+00 0.000000000000000000e+00 0.000000000000000000e+00 0.000000000000000000e+00 0.000000000000000000e+00
1.658291457286432236e+00 0.000000000000000000e+00 0.000000000000000000e+00 0.000000000000000000e+00 0.000000000000000000e+00
1.668341708542713686e+00 0.000000000000000000e+00 0.000000000000000000e+00 0.000000000000000000e+00 0.000000000000000000e+00
1.678391959798994915e+00 0.000000000000000000e+00 0.000000000000000000e+00 0.000000000000000000e+00 0.000000000000000000e+00
1.688442211055276365e+00 0.000000000000000000e+00 0.000000000000000000e+00 0.000000000000000000e+00 0.000000000000000000e+00
1.698492462311557816e+00 0.000000000000000000e+00 0.000000000000000000e+00 0.000000000000000000e+00 0.000000000000000000e+00
1.708542713567839266e+00 0.000000000000000000e+00 0.000000000000000000e+00 0.000000000000000000e+00 0.000000000000000000e+00
1.718592964824120717e+00 0.000000000000000000e+00 0.000000000000000000e+00 0.000000000000000000e+00 0.000000000000000000e+00
1.728643216080401945e+00 0.000000000000000000e+00 0.000000000000000000e+00 0.000000000000000000e+00 0.000000000000000000e+00
1.738693467336683396e+00 0.000000000000000000e+00 0.000000000000000000e+00 0.000000000000000000e+00 0.000000000000000000e+00
1.748743718592964846e+00 0.000000000000000000e+00 0.000000000000000000e+00 0.000000000000000000e+00 0.000000000000000000e+00
1.758793969849246297e+00 0.000000000000000000e+00 0.000000000000000000e+00 0.000000000000000000e+00 0.000000000000000000e+00
1.768844221105527748e+00 0.000000000000000000e+00 0.000000000000000000e+00 0.000000000000000000e+00 0.000000000000000000e+00
1.778894472361808976e+00 0.000000000000000000e+00 0.000000000000000000e+00 0.000000000000000000e+00 0.000000000000000000e+00
1.788944723618090427e+00 0.000000000000000000e+00 0.000000000000000000e+00 0.000000000000000000e+00 0.000000000000000000e+00
1.798994974874371877e+00 0.000000000000000000e+00 0.000000000000000000e+00 0.000000000000000000e+00 0.000000000000000000e+00
1.809045226130653328e+00 0.000000000000000000e+00 0.000000000000000000e+00 0.000000000000000000e+00 0.000000000000000000e+00
1.819095477386934778e+00 0.000000000000000000e+00 0.000000000000000000e+00 0.000000000000000000e+00 0.000000000000000000e+00
1.829145728643216007e+00 0.000000000000000000e+00 0.000000000000000000e+00 0.000000000000000000e+00 0.000000000000000000e+00
1.839195979899497457e+00 0.000000000000000000e+00 0.000000000000000000e+00 0.000000000000000000e+00 0.000000000000000000e+00
1.849246231155778908e+00 0.000000000000000000e+00 0.000000000000000000e+00 0.000000000000000000e+00 0.000000000000000000e+00
1.859296482412060358e+00 0.000000000000000000e+00 0.000000000000000000e+00 0.000000000000000000e+00 0.000000000000000000e+00
1.869346733668341809e+00 0.000000000000000000e+00 0.000000000000000000e+00 0.000000000000000000e+00 0.000000000000000000e+00
1.879396984924623037e+00 0.000000000000000000e+00 0.000000000000000000e+00 0.000000000000000000e+00 0.000000000000000000e+00
1.889447236180904488e+00 0.000000000000000000e+00 0.000000000000000000e+00 0.000000000000000000e+00 0.000000000000000000e+00
1.899497487437185939e+00 0.000000000000000000e+00 0.000000000000000000e+00 0.000000000000000000e+00 0.000000000000000000e+00
1.909547738693467389e+00 0.000000000000000000e+00 0.000000000000000000e+00 0.000000000000000000e+00 0.000000000000000000e+00
1.919597989949748840e+00 0.000000000000000000e+00 0.000000000000000000e+00 0.000000000000000000e+00 0.000000000000000000e+00
1.929648241206030068e+00 0.000000000000000000e+00 0.000000000000000000e+00 0.000000000000000000e+00 0.000000000000000000e+00
1.939698492462311519e+00 0.000000000000000000e+00 0.000000000000000000e+00 0.000000000000000000e+00 0.000000000000000000e+00
1.949748743718592969e+00 0.000000000000000000e+00 0.000000000000000000e+00 0.000000000000000000e+00 0.000000000000000000e+00
1.959798994974874420e+00 0.000000000000000000e+00 0.000000000000000000e+00 0.000000000000000000e+00 0.000000000000000000e+00
1.969849246231155870e+00 0.000000000000000000e+00 0.000000000000000000e+00 0.000000000000000000e+00 0.000000000000000000e+00
1.979899497487437321e+00 0.000000000000000000e+00 0.000000000000000000e+00 0.000000000000000000e+00 0.000000000000000000e+00
1.989949748743718549e+00 0.000000000000000000e+00 0.000000000000000000e+00 0.000000000000000000e+00 0.000000000000000000e+00
2.000000000000000000e+00 0.000000000000000000e+00 0.000000000000000000e+00 0.000000000000000000e+00 0.000000000000000000e+00
