    0.7700   0.149496
    0.7900   0.516837
    0.8100   1.283161
    0.8300   2.354860
    0.8500   3.488086
    0.8700   4.415185
    0.8900   4.915678
    0.9100   5.207444
    0.9300   5.070713
    0.9500   4.620569
    0.9700   3.808893
    0.9900   3.253559
    1.0100   2.721526
    1.0300   2.202460
    1.0500   1.746069
    1.0700   1.320409
    1.0900   0.975220
    1.1100   0.687980
    1.1300   0.475403
    1.1500   0.305949
    1.1700   0.186946
    1.1900   0.107386
    1.2100   0.059400
