# Columns are: omega_cdm, sigma8
8.000000000000000167e-02 6.161914771150707182e-01
8.163265306122449716e-02 6.259058843853403387e-01
8.326530612244897878e-02 6.354019347354452618e-01
8.489795918367347427e-02 6.446799231589932511e-01
8.653061224489795589e-02 6.537398769173706770e-01
8.816326530612245138e-02 6.625818823975261340e-01
8.979591836734693300e-02 6.712058740747429697e-01
9.142857142857142849e-02 6.796140088014311909e-01
9.306122448979592399e-02 6.878062662813736461e-01
9.469387755102040560e-02 6.957836209291845542e-01
9.632653061224490110e-02 7.035474301003947772e-01
9.795918367346939659e-02 7.110989456721943380e-01
9.959183673469387821e-02 7.184394626875787448e-01
1.012244897959183737e-01 7.255703639566658536e-01
1.028571428571428553e-01 7.324937134954058182e-01
1.044897959183673508e-01 7.392110418041925035e-01
1.061224489795918324e-01 7.457241780277675813e-01
1.077551020408163279e-01 7.520351129786765343e-01
1.093877551020408234e-01 7.581457969710332367e-01
1.110204081632653050e-01 7.640585741951777532e-01
1.126530612244898005e-01 7.697752391312646658e-01
1.142857142857142960e-01 7.752970548868628464e-01
1.159183673469387776e-01 7.806287045904966027e-01
1.175510204081632593e-01 7.857712905773793777e-01
1.191836734693877548e-01 7.907271073874502232e-01
1.208163265306122502e-01 7.954986611585759260e-01
1.224489795918367319e-01 8.000884975134793242e-01
1.240816326530612274e-01 8.044989359050620514e-01
1.257142857142857229e-01 8.087326985665957979e-01
1.273469387755102045e-01 8.127920641506207744e-01
1.289795918367346861e-01 8.166797512928249958e-01
1.306122448979591955e-01 8.203983747940809534e-01
1.322448979591836771e-01 8.239505855575405269e-01
1.338775510204081587e-01 8.273388912531045580e-01
1.355102040816326681e-01 8.305658267134204964e-01
1.371428571428571497e-01 8.336341039310238843e-01
1.387755102040816313e-01 8.365463942516586648e-01
1.404081632653061407e-01 8.393053621124371144e-01
1.420408163265306223e-01 8.419135826252740484e-01
1.436734693877551039e-01 8.443715050365251384e-01
1.453061224489796133e-01 8.466861223768549216e-01
1.469387755102040671e-01 8.488575944073111224e-01
1.485714285714285765e-01 8.508887016955999361e-01
1.502040816326530859e-01 8.527821292444123236e-01
1.518367346938775397e-01 8.545404397583208356e-01
1.534693877551020491e-01 8.561660834442192947e-01
1.551020408163265307e-01 8.576617208753543053e-01
1.567346938775510123e-01 8.590296126758449891e-01
1.583673469387755217e-01 8.602724653450469772e-01
1.600000000000000033e-01 8.613926785796582886e-01
