# Columns are: omega_cdm, sigma8
8.000000000000000167e-02 6.255733562626543121e-01
8.163265306122449716e-02 6.354389761000319714e-01
8.326530612244897878e-02 6.450875065934024155e-01
8.489795918367347427e-02 6.545174363140856544e-01
8.653061224489795589e-02 6.637275288658008865e-01
8.816326530612245138e-02 6.727170385966461108e-01
8.979591836734693300e-02 6.814855265368462423e-01
9.142857142857142849e-02 6.900329867480292645e-01
9.306122448979592399e-02 6.983598763804853560e-01
9.469387755102040560e-02 7.064675084821125939e-01
9.632653061224490110e-02 7.143573375296224937e-01
9.795918367346939659e-02 7.220312603651178884e-01
9.959183673469387821e-02 7.294918448618127327e-01
1.012244897959183737e-01 7.367413884383308131e-01
1.028571428571428553e-01 7.437824168153364113e-01
1.044897959183673508e-01 7.506176672074461598e-01
1.061224489795918324e-01 7.572494067884063540e-01
1.077551020408163279e-01 7.636799428205730544e-01
1.093877551020408234e-01 7.699112796684035587e-01
1.110204081632653050e-01 7.759451321604774465e-01
1.126530612244898005e-01 7.817834912729375585e-01
1.142857142857142960e-01 7.874275275361786175e-01
1.159183673469387776e-01 7.928789786748327018e-01
1.175510204081632593e-01 7.981394112440423072e-01
1.191836734693877548e-01 8.032104778348343466e-01
1.208163265306122502e-01 8.080942064339363684e-01
1.224489795918367319e-01 8.127928716429210221e-01
1.240816326530612274e-01 8.173088427086014907e-01
1.257142857142857229e-01 8.216450757529959459e-01
1.273469387755102045e-01 8.258042134031897685e-01
1.289795918367346861e-01 8.297895280006736263e-01
1.306122448979591955e-01 8.336042986148420875e-01
1.322448979591836771e-01 8.372515068813688455e-01
1.338775510204081587e-01 8.407342615211426118e-01
1.355102040816326681e-01 8.440554764897919560e-01
1.371428571428571497e-01 8.472180425903208523e-01
1.387755102040816313e-01 8.502242840750434683e-01
1.404081632653061407e-01 8.530767613447957087e-01
1.420408163265306223e-01 8.557775269630158999e-01
1.436734693877551039e-01 8.583287830484938041e-01
1.453061224489796133e-01 8.607326314181246163e-01
1.469387755102040671e-01 8.629913281243852818e-01
1.485714285714285765e-01 8.651070315638392794e-01
1.502040816326530859e-01 8.670823419972104595e-01
1.518367346938775397e-01 8.689197119191788277e-01
1.534693877551020491e-01 8.706220380556284333e-01
1.551020408163265307e-01 8.721919067570981232e-01
1.567346938775510123e-01 8.736324201622318597e-01
1.583673469387755217e-01 8.749463450745667004e-01
1.600000000000000033e-01 8.761365874005421217e-01
