# Angular number densities per z bin ("number per bin")
# i.e., the number of galaxies per sq.deg. that have zmin<z<zmax.
# Both imaging and spectroscopic weights are included.
# The dz size is 0.01.
# 
# Columns are: redshift, dNdz (sample 1), dNdz (sample 2), dNdz (sample 3), dNdz (sample 4)
5.000000000000000104e-03 0.000000000000000000e+00 2.000000000000000042e-03 2.000000000000000042e-03 1.000000000000000021e-03
1.499999999999999944e-02 0.000000000000000000e+00 2.000000000000000042e-03 0.000000000000000000e+00 0.000000000000000000e+00
2.500000000000000139e-02 0.000000000000000000e+00 0.000000000000000000e+00 2.000000000000000042e-03 7.000000000000000146e-03
3.500000000000000333e-02 6.000000000000000125e-03 6.000000000000000125e-03 6.000000000000000125e-03 5.000000000000000104e-03
4.499999999999999833e-02 3.000000000000000062e-03 5.000000000000000104e-03 2.000000000000000042e-03 2.000000000000000042e-03
5.500000000000000028e-02 3.000000000000000062e-03 8.000000000000000167e-03 6.000000000000000125e-03 1.000000000000000021e-02
6.500000000000000222e-02 3.000000000000000062e-03 2.100000000000000130e-02 5.000000000000000104e-03 2.000000000000000042e-03
7.500000000000001110e-02 1.299999999999999940e-02 1.899999999999999953e-02 1.000000000000000021e-02 8.999999999999999320e-03
8.499999999999999223e-02 1.000000000000000021e-02 2.000000000000000042e-02 8.000000000000000167e-03 1.400000000000000029e-02
9.500000000000000111e-02 4.000000000000000083e-03 1.899999999999999953e-02 8.000000000000000167e-03 3.000000000000000062e-03
1.050000000000000100e-01 2.000000000000000042e-02 1.099999999999999936e-02 1.099999999999999936e-02 1.099999999999999936e-02
1.149999999999999911e-01 3.500000000000000333e-02 1.799999999999999864e-02 1.200000000000000025e-02 1.600000000000000033e-02
1.250000000000000000e-01 1.700000000000000122e-02 1.099999999999999936e-02 1.200000000000000025e-02 1.099999999999999936e-02
1.350000000000000089e-01 1.799999999999999864e-02 1.600000000000000033e-02 5.000000000000000104e-03 1.400000000000000029e-02
1.450000000000000178e-01 1.099999999999999936e-02 2.100000000000000130e-02 8.999999999999999320e-03 1.000000000000000021e-02
1.549999999999999989e-01 2.299999999999999961e-02 1.099999999999999936e-02 6.000000000000000125e-03 8.999999999999999320e-03
1.650000000000000078e-01 1.600000000000000033e-02 1.700000000000000122e-02 8.000000000000000167e-03 7.000000000000000146e-03
1.749999999999999889e-01 1.899999999999999953e-02 1.099999999999999936e-02 4.000000000000000083e-03 2.000000000000000042e-02
1.849999999999999978e-01 1.000000000000000021e-02 1.099999999999999936e-02 1.600000000000000033e-02 8.000000000000000167e-03
1.950000000000000067e-01 2.699999999999999969e-02 2.199999999999999872e-02 2.100000000000000130e-02 1.200000000000000025e-02
2.050000000000000155e-01 2.100000000000000130e-02 1.899999999999999953e-02 3.000000000000000062e-03 2.299999999999999961e-02
2.149999999999999967e-01 2.800000000000000058e-02 2.500000000000000139e-02 1.099999999999999936e-02 1.400000000000000029e-02
2.250000000000000056e-01 3.099999999999999978e-02 1.400000000000000029e-02 1.899999999999999953e-02 8.000000000000000167e-03
2.349999999999999867e-01 5.199999999999999761e-02 2.199999999999999872e-02 8.999999999999999320e-03 8.000000000000000167e-03
2.449999999999999956e-01 3.200000000000000067e-02 2.100000000000000130e-02 1.000000000000000021e-02 8.999999999999999320e-03
2.550000000000000044e-01 5.099999999999999672e-02 2.100000000000000130e-02 1.899999999999999953e-02 1.499999999999999944e-02
2.650000000000000133e-01 5.000000000000000278e-02 2.599999999999999881e-02 1.499999999999999944e-02 8.999999999999999320e-03
2.750000000000000222e-01 8.200000000000000344e-02 2.500000000000000139e-02 1.099999999999999936e-02 1.000000000000000021e-02
2.850000000000000311e-01 1.260000000000000009e-01 2.599999999999999881e-02 8.999999999999999320e-03 8.999999999999999320e-03
2.949999999999999845e-01 1.260000000000000009e-01 2.900000000000000147e-02 1.200000000000000025e-02 8.000000000000000167e-03
3.049999999999999933e-01 1.680000000000000104e-01 3.899999999999999994e-02 1.000000000000000021e-02 7.000000000000000146e-03
3.150000000000000022e-01 1.880000000000000004e-01 5.899999999999999689e-02 1.899999999999999953e-02 2.199999999999999872e-02
3.250000000000000111e-01 2.340000000000000135e-01 3.500000000000000333e-02 2.299999999999999961e-02 8.999999999999999320e-03
3.350000000000000200e-01 3.709999999999999964e-01 6.400000000000000133e-02 1.299999999999999940e-02 1.000000000000000021e-02
3.449999999999999734e-01 4.979999999999999982e-01 5.500000000000000028e-02 1.499999999999999944e-02 1.600000000000000033e-02
3.549999999999999822e-01 6.700000000000000400e-01 5.600000000000000117e-02 1.799999999999999864e-02 1.600000000000000033e-02
3.649999999999999911e-01 1.064000000000000057e+00 5.899999999999999689e-02 1.899999999999999953e-02 8.999999999999999320e-03
3.750000000000000000e-01 1.302000000000000046e+00 8.000000000000000167e-02 1.499999999999999944e-02 7.000000000000000146e-03
3.850000000000000089e-01 1.770000000000000018e+00 8.000000000000000167e-02 2.500000000000000139e-02 2.500000000000000139e-02
3.950000000000000178e-01 2.323999999999999844e+00 8.100000000000000255e-02 1.700000000000000122e-02 1.099999999999999936e-02
4.050000000000000266e-01 2.906000000000000139e+00 8.000000000000000167e-02 1.099999999999999936e-02 1.099999999999999936e-02
4.149999999999999800e-01 3.653999999999999915e+00 8.400000000000000522e-02 5.000000000000000104e-03 1.499999999999999944e-02
4.249999999999999889e-01 4.423000000000000043e+00 1.059999999999999970e-01 1.499999999999999944e-02 8.999999999999999320e-03
4.349999999999999978e-01 4.592999999999999972e+00 1.380000000000000115e-01 1.499999999999999944e-02 6.000000000000000125e-03
4.450000000000000067e-01 4.818999999999999950e+00 1.479999999999999927e-01 1.600000000000000033e-02 1.200000000000000025e-02
4.550000000000000155e-01 4.892000000000000348e+00 2.030000000000000138e-01 1.600000000000000033e-02 1.000000000000000021e-02
4.649999999999999689e-01 4.584999999999999964e+00 2.129999999999999949e-01 2.299999999999999961e-02 1.799999999999999864e-02
4.749999999999999778e-01 5.224000000000000199e+00 2.849999999999999756e-01 2.199999999999999872e-02 1.099999999999999936e-02
4.849999999999999867e-01 5.296999999999999709e+00 3.790000000000000036e-01 2.900000000000000147e-02 5.000000000000000104e-03
4.949999999999999956e-01 5.567000000000000171e+00 5.859999999999999654e-01 1.499999999999999944e-02 1.200000000000000025e-02
5.050000000000000044e-01 5.503999999999999559e+00 9.439999999999999503e-01 2.900000000000000147e-02 6.000000000000000125e-03
5.150000000000000133e-01 4.972000000000000419e+00 1.266999999999999904e+00 2.599999999999999881e-02 1.200000000000000025e-02
5.250000000000000222e-01 4.804999999999999716e+00 1.846000000000000085e+00 3.699999999999999817e-02 8.000000000000000167e-03
5.350000000000000311e-01 4.182999999999999829e+00 3.153000000000000025e+00 4.100000000000000172e-02 8.999999999999999320e-03
5.450000000000000400e-01 2.960999999999999854e+00 4.333000000000000185e+00 5.399999999999999939e-02 2.999999999999999889e-02
5.550000000000000488e-01 1.887000000000000011e+00 5.801000000000000156e+00 6.199999999999999956e-02 2.999999999999999889e-02
5.649999999999999467e-01 1.183999999999999941e+00 6.708999999999999631e+00 8.000000000000000167e-02 1.099999999999999936e-02
5.749999999999999556e-01 7.459999999999999964e-01 7.330000000000000071e+00 1.239999999999999991e-01 3.200000000000000067e-02
5.849999999999999645e-01 4.600000000000000200e-01 7.641000000000000014e+00 1.409999999999999865e-01 2.800000000000000058e-02
5.949999999999999734e-01 3.099999999999999978e-01 7.796000000000000263e+00 1.729999999999999871e-01 2.400000000000000050e-02
6.049999999999999822e-01 1.809999999999999942e-01 8.577999999999999403e+00 2.310000000000000109e-01 3.099999999999999978e-02
6.149999999999999911e-01 1.489999999999999936e-01 8.426999999999999602e+00 3.150000000000000022e-01 3.799999999999999906e-02
6.250000000000000000e-01 1.059999999999999970e-01 7.775000000000000355e+00 4.299999999999999933e-01 3.300000000000000155e-02
6.350000000000000089e-01 6.300000000000000044e-02 7.866999999999999993e+00 6.350000000000000089e-01 3.799999999999999906e-02
6.450000000000000178e-01 6.500000000000000222e-02 7.868999999999999773e+00 7.880000000000000338e-01 5.399999999999999939e-02
6.550000000000000266e-01 5.099999999999999672e-02 8.023999999999999133e+00 1.100999999999999979e+00 6.199999999999999956e-02
6.650000000000000355e-01 3.599999999999999728e-02 7.940000000000000391e+00 1.407000000000000028e+00 6.700000000000000400e-02
6.750000000000000444e-01 3.099999999999999978e-02 7.200999999999999623e+00 1.778000000000000025e+00 9.099999999999999756e-02
6.850000000000000533e-01 2.000000000000000042e-02 6.548000000000000043e+00 2.406000000000000139e+00 1.069999999999999979e-01
6.949999999999999512e-01 1.499999999999999944e-02 5.990999999999999659e+00 3.295999999999999819e+00 1.729999999999999871e-01
7.049999999999999600e-01 1.099999999999999936e-02 5.368999999999999773e+00 4.480000000000000426e+00 1.980000000000000093e-01
7.149999999999999689e-01 8.000000000000000167e-03 4.503999999999999559e+00 5.383000000000000007e+00 2.700000000000000178e-01
7.249999999999999778e-01 8.999999999999999320e-03 3.512000000000000011e+00 6.405999999999999694e+00 3.489999999999999769e-01
7.349999999999999867e-01 6.000000000000000125e-03 2.763999999999999790e+00 7.261999999999999567e+00 4.289999999999999925e-01
7.449999999999999956e-01 1.099999999999999936e-02 2.073999999999999844e+00 8.012000000000000455e+00 5.570000000000000506e-01
7.550000000000000044e-01 1.099999999999999936e-02 1.387999999999999901e+00 8.694000000000000838e+00 7.479999999999999982e-01
7.650000000000000133e-01 2.000000000000000042e-03 9.439999999999999503e-01 9.423000000000000043e+00 1.060000000000000053e+00
7.750000000000000222e-01 7.000000000000000146e-03 5.639999999999999458e-01 9.516000000000000014e+00 1.550999999999999934e+00
7.850000000000000311e-01 5.000000000000000104e-03 4.149999999999999800e-01 9.773999999999999133e+00 1.866999999999999993e+00
7.950000000000000400e-01 2.000000000000000042e-03 2.570000000000000062e-01 9.518000000000000682e+00 2.466000000000000192e+00
8.050000000000000488e-01 3.000000000000000062e-03 2.000000000000000111e-01 9.648999999999999133e+00 2.976999999999999869e+00
8.149999999999999467e-01 1.000000000000000021e-02 1.479999999999999927e-01 9.016000000000000014e+00 3.604999999999999982e+00
8.249999999999999556e-01 8.999999999999999320e-03 9.500000000000000111e-02 7.927999999999999936e+00 3.821000000000000174e+00
8.349999999999999645e-01 8.000000000000000167e-03 9.099999999999999756e-02 6.913999999999999702e+00 4.219999999999999751e+00
8.449999999999999734e-01 3.000000000000000062e-03 8.400000000000000522e-02 6.253000000000000114e+00 4.894999999999999574e+00
8.549999999999999822e-01 3.000000000000000062e-03 5.299999999999999850e-02 5.230999999999999872e+00 5.190999999999999837e+00
8.649999999999999911e-01 2.000000000000000042e-03 5.399999999999999939e-02 4.868000000000000327e+00 5.850999999999999979e+00
8.750000000000000000e-01 2.000000000000000042e-03 4.100000000000000172e-02 4.169999999999999929e+00 6.240999999999999659e+00
8.850000000000000089e-01 0.000000000000000000e+00 3.899999999999999994e-02 3.641000000000000014e+00 6.629999999999999893e+00
8.950000000000000178e-01 0.000000000000000000e+00 2.900000000000000147e-02 2.992999999999999883e+00 6.985999999999999766e+00
9.050000000000000266e-01 6.000000000000000125e-03 2.199999999999999872e-02 2.172000000000000153e+00 7.048000000000000043e+00
9.150000000000000355e-01 1.000000000000000021e-03 2.000000000000000042e-02 1.766999999999999904e+00 6.926000000000000156e+00
9.250000000000000444e-01 2.000000000000000042e-03 1.899999999999999953e-02 1.393999999999999906e+00 6.727999999999999758e+00
9.350000000000000533e-01 2.000000000000000042e-03 1.700000000000000122e-02 1.060000000000000053e+00 6.673000000000000043e+00
9.449999999999999512e-01 0.000000000000000000e+00 2.000000000000000042e-02 8.850000000000000089e-01 6.689000000000000057e+00
9.549999999999999600e-01 0.000000000000000000e+00 1.499999999999999944e-02 7.129999999999999671e-01 6.190000000000000391e+00
9.649999999999999689e-01 2.000000000000000042e-03 1.899999999999999953e-02 5.979999999999999760e-01 5.836999999999999744e+00
9.749999999999999778e-01 2.000000000000000042e-03 1.499999999999999944e-02 4.169999999999999818e-01 5.426999999999999602e+00
9.849999999999999867e-01 3.000000000000000062e-03 1.700000000000000122e-02 3.669999999999999929e-01 4.873999999999999666e+00
9.949999999999999956e-01 0.000000000000000000e+00 1.499999999999999944e-02 2.469999999999999973e-01 4.246999999999999886e+00
1.004999999999999893e+00 3.000000000000000062e-03 6.000000000000000125e-03 2.039999999999999869e-01 3.759999999999999787e+00
1.015000000000000124e+00 2.000000000000000042e-03 1.700000000000000122e-02 1.849999999999999978e-01 3.391999999999999904e+00
1.024999999999999911e+00 2.000000000000000042e-03 2.000000000000000042e-02 1.179999999999999938e-01 3.283999999999999808e+00
1.035000000000000142e+00 0.000000000000000000e+00 5.000000000000000104e-03 1.049999999999999961e-01 2.668000000000000149e+00
1.044999999999999929e+00 0.000000000000000000e+00 8.999999999999999320e-03 7.799999999999999989e-02 2.414000000000000146e+00
1.055000000000000160e+00 0.000000000000000000e+00 1.400000000000000029e-02 5.800000000000000294e-02 2.068000000000000060e+00
1.064999999999999947e+00 2.000000000000000042e-03 1.200000000000000025e-02 6.099999999999999867e-02 1.768000000000000016e+00
1.075000000000000178e+00 0.000000000000000000e+00 1.000000000000000021e-02 5.000000000000000278e-02 1.447000000000000064e+00
1.084999999999999964e+00 5.000000000000000104e-03 1.299999999999999940e-02 3.799999999999999906e-02 1.229000000000000092e+00
1.095000000000000195e+00 0.000000000000000000e+00 8.000000000000000167e-03 2.999999999999999889e-02 1.086000000000000076e+00
1.104999999999999982e+00 2.000000000000000042e-03 8.000000000000000167e-03 3.599999999999999728e-02 8.950000000000000178e-01
1.115000000000000213e+00 0.000000000000000000e+00 8.999999999999999320e-03 2.800000000000000058e-02 6.949999999999999512e-01
1.125000000000000000e+00 0.000000000000000000e+00 5.000000000000000104e-03 2.000000000000000042e-02 6.059999999999999831e-01
1.134999999999999787e+00 0.000000000000000000e+00 2.000000000000000042e-03 2.299999999999999961e-02 4.949999999999999956e-01
1.145000000000000018e+00 0.000000000000000000e+00 8.000000000000000167e-03 1.799999999999999864e-02 4.259999999999999898e-01
1.154999999999999805e+00 0.000000000000000000e+00 5.000000000000000104e-03 5.000000000000000104e-03 3.310000000000000164e-01
1.165000000000000036e+00 0.000000000000000000e+00 5.000000000000000104e-03 1.000000000000000021e-02 2.610000000000000098e-01
1.174999999999999822e+00 0.000000000000000000e+00 3.000000000000000062e-03 1.099999999999999936e-02 2.349999999999999867e-01
1.185000000000000053e+00 0.000000000000000000e+00 0.000000000000000000e+00 1.400000000000000029e-02 2.119999999999999940e-01
1.194999999999999840e+00 0.000000000000000000e+00 5.000000000000000104e-03 1.899999999999999953e-02 1.650000000000000078e-01
1.205000000000000071e+00 2.000000000000000042e-03 2.000000000000000042e-03 2.000000000000000042e-03 1.529999999999999971e-01
1.214999999999999858e+00 0.000000000000000000e+00 5.000000000000000104e-03 1.099999999999999936e-02 9.800000000000000377e-02
1.225000000000000089e+00 0.000000000000000000e+00 3.000000000000000062e-03 3.000000000000000062e-03 8.999999999999999667e-02
1.234999999999999876e+00 0.000000000000000000e+00 0.000000000000000000e+00 1.000000000000000021e-03 7.499999999999999722e-02
1.245000000000000107e+00 0.000000000000000000e+00 3.000000000000000062e-03 8.999999999999999320e-03 6.500000000000000222e-02
1.254999999999999893e+00 0.000000000000000000e+00 3.000000000000000062e-03 3.000000000000000062e-03 5.600000000000000117e-02
1.265000000000000124e+00 0.000000000000000000e+00 0.000000000000000000e+00 7.000000000000000146e-03 5.000000000000000278e-02
1.274999999999999911e+00 0.000000000000000000e+00 5.000000000000000104e-03 3.000000000000000062e-03 3.300000000000000155e-02
1.285000000000000142e+00 0.000000000000000000e+00 2.000000000000000042e-03 2.000000000000000042e-03 4.100000000000000172e-02
1.294999999999999929e+00 0.000000000000000000e+00 1.000000000000000021e-03 2.000000000000000042e-03 3.500000000000000333e-02
1.305000000000000160e+00 0.000000000000000000e+00 0.000000000000000000e+00 6.000000000000000125e-03 1.200000000000000025e-02
1.314999999999999947e+00 0.000000000000000000e+00 3.000000000000000062e-03 6.000000000000000125e-03 1.700000000000000122e-02
1.325000000000000178e+00 3.000000000000000062e-03 2.000000000000000042e-03 3.000000000000000062e-03 1.700000000000000122e-02
1.334999999999999964e+00 0.000000000000000000e+00 0.000000000000000000e+00 3.000000000000000062e-03 6.000000000000000125e-03
1.345000000000000195e+00 0.000000000000000000e+00 1.000000000000000021e-03 2.000000000000000042e-03 8.000000000000000167e-03
1.354999999999999982e+00 0.000000000000000000e+00 2.000000000000000042e-03 3.000000000000000062e-03 6.000000000000000125e-03
1.365000000000000213e+00 0.000000000000000000e+00 0.000000000000000000e+00 2.000000000000000042e-03 1.400000000000000029e-02
1.375000000000000000e+00 0.000000000000000000e+00 0.000000000000000000e+00 0.000000000000000000e+00 3.000000000000000062e-03
1.384999999999999787e+00 0.000000000000000000e+00 2.000000000000000042e-03 0.000000000000000000e+00 6.000000000000000125e-03
1.395000000000000018e+00 0.000000000000000000e+00 0.000000000000000000e+00 3.000000000000000062e-03 3.000000000000000062e-03
1.404999999999999805e+00 0.000000000000000000e+00 0.000000000000000000e+00 3.000000000000000062e-03 3.000000000000000062e-03
1.415000000000000036e+00 2.000000000000000042e-03 0.000000000000000000e+00 3.000000000000000062e-03 3.000000000000000062e-03
1.424999999999999822e+00 0.000000000000000000e+00 0.000000000000000000e+00 0.000000000000000000e+00 3.000000000000000062e-03
1.435000000000000053e+00 0.000000000000000000e+00 0.000000000000000000e+00 0.000000000000000000e+00 0.000000000000000000e+00
1.444999999999999840e+00 0.000000000000000000e+00 2.000000000000000042e-03 2.000000000000000042e-03 0.000000000000000000e+00
1.455000000000000071e+00 0.000000000000000000e+00 0.000000000000000000e+00 0.000000000000000000e+00 0.000000000000000000e+00
1.464999999999999858e+00 0.000000000000000000e+00 0.000000000000000000e+00 0.000000000000000000e+00 0.000000000000000000e+00
1.475000000000000089e+00 0.000000000000000000e+00 0.000000000000000000e+00 0.000000000000000000e+00 0.000000000000000000e+00
1.484999999999999876e+00 0.000000000000000000e+00 0.000000000000000000e+00 0.000000000000000000e+00 0.000000000000000000e+00
