    0.5900   0.275294
    0.6100   0.517471
    0.6300   1.028177
    0.6500   1.840471
    0.6700   3.021177
    0.6900   5.872882
    0.7100   9.914648
    0.7300  13.736471
    0.7500  17.267353
    0.7700  18.572588
    0.7900  18.785824
    0.8100  17.716237
    0.8300  14.708294
    0.8500  11.769647
    0.8700   8.996058
    0.8900   6.341117
    0.9100   3.753647
    0.9300   2.295647
    0.9500   1.354941
    0.9700   0.785059
    0.9900   0.537706
    1.0100   0.320000
    1.0300   0.247353
