    0.6700   0.167706
    0.6900   0.175530
    0.7100   0.268059
    0.7300   0.553471
    0.7500   0.891647
    0.7700   1.862118
    0.7900   4.123588
    0.8100   6.495236
    0.8300   8.369589
    0.8500  10.983058
    0.8700  12.503000
    0.8900  13.380588
    0.9100  13.600000
    0.9300  13.344235
    0.9500  12.719412
    0.9700  10.897824
    0.9900   9.045177
    1.0100   7.256236
    1.0300   5.466236
    1.0500   4.352059
    1.0700   3.222412
    1.0900   2.332647
    1.1100   1.589412
    1.1300   1.075177
    1.1500   0.789765
    1.1700   0.500000
    1.1900   0.315059
    1.2100   0.187706
    1.2300   0.159882
