# Planck lensing noise curves.
# These curves have been low-pass filtered.
#    ell           Noise       Sig+Noise
       0     0.00000e+00     0.00000e+00
       1     2.60033e-07     3.19529e-07
       2     1.50260e-07     2.30576e-07
       3     1.48535e-07     2.46044e-07
       4     1.53969e-07     2.66233e-07
       5     1.56804e-07     2.81866e-07
       6     1.55878e-07     2.92095e-07
       7     1.61606e-07     3.07630e-07
       8     1.59205e-07     3.13905e-07
       9     1.60059e-07     3.22479e-07
      10     1.63736e-07     3.33021e-07
      11     1.61746e-07     3.37204e-07
      12     1.62230e-07     3.43202e-07
      13     1.65669e-07     3.51573e-07
      14     1.66285e-07     3.56603e-07
      15     1.67761e-07     3.62053e-07
      16     1.65302e-07     3.63160e-07
      17     1.66994e-07     3.68040e-07
      18     1.66485e-07     3.70406e-07
      19     1.66594e-07     3.73075e-07
      20     1.67108e-07     3.75852e-07
      21     1.68543e-07     3.79297e-07
      22     1.70577e-07     3.83121e-07
      23     1.67134e-07     3.81250e-07
      24     1.69330e-07     3.84828e-07
      25     1.68164e-07     3.84840e-07
      26     1.69379e-07     3.87076e-07
      27     1.67389e-07     3.85949e-07
      28     1.69835e-07     3.89118e-07
      29     1.68847e-07     3.88712e-07
      30     1.68513e-07     3.88849e-07
      31     1.69689e-07     3.90355e-07
      32     1.70164e-07     3.91081e-07
      33     1.72088e-07     3.93146e-07
      34     1.71803e-07     3.92908e-07
      35     1.70416e-07     3.91490e-07
      36     1.72603e-07     3.93551e-07
      37     1.74483e-07     3.95243e-07
      38     1.70976e-07     3.91469e-07
      39     1.72764e-07     3.92927e-07
      40     1.74433e-07     3.94219e-07
      41     1.73214e-07     3.92560e-07
      42     1.71110e-07     3.89953e-07
      43     1.74576e-07     3.92886e-07
      44     1.75288e-07     3.93001e-07
      45     1.72134e-07     3.89218e-07
      46     1.77185e-07     3.93594e-07
      47     1.77214e-07     3.92916e-07
      48     1.75222e-07     3.90186e-07
      49     1.74784e-07     3.88978e-07
      50     1.76973e-07     3.90366e-07
      51     1.77792e-07     3.90352e-07
      52     1.77175e-07     3.88887e-07
      53     1.79780e-07     3.90612e-07
      54     1.79596e-07     3.89533e-07
      55     1.76427e-07     3.85438e-07
      56     1.78555e-07     3.86622e-07
      57     1.78288e-07     3.85413e-07
      58     1.80262e-07     3.86413e-07
      59     1.80962e-07     3.86124e-07
      60     1.82010e-07     3.86182e-07
      61     1.80969e-07     3.84136e-07
      62     1.80959e-07     3.83105e-07
      63     1.79983e-07     3.81108e-07
      64     1.82868e-07     3.82956e-07
      65     1.81650e-07     3.80685e-07
      66     1.81925e-07     3.79909e-07
      67     1.84848e-07     3.81779e-07
      68     1.81631e-07     3.77494e-07
      69     1.83513e-07     3.78308e-07
      70     1.85145e-07     3.78871e-07
      71     1.86607e-07     3.79249e-07
      72     1.84876e-07     3.76451e-07
      73     1.86668e-07     3.77159e-07
      74     1.86925e-07     3.76331e-07
      75     1.88899e-07     3.77222e-07
      76     1.88289e-07     3.75528e-07
      77     1.89362e-07     3.75517e-07
      78     1.89789e-07     3.74876e-07
      79     1.89835e-07     3.73838e-07
      80     1.91827e-07     3.74746e-07
      81     1.90934e-07     3.72770e-07
      82     1.93053e-07     3.73820e-07
      83     1.94047e-07     3.73746e-07
      84     1.94089e-07     3.72704e-07
      85     1.93101e-07     3.70648e-07
      86     1.95819e-07     3.72314e-07
      87     1.94289e-07     3.69716e-07
      88     1.96873e-07     3.71247e-07
      89     1.96123e-07     3.69429e-07
      90     1.96920e-07     3.69174e-07
      91     1.97820e-07     3.69037e-07
      92     1.97882e-07     3.68062e-07
      93     1.98070e-07     3.67213e-07
      94     1.99733e-07     3.67840e-07
      95     1.99758e-07     3.66843e-07
      96     2.01628e-07     3.67692e-07
      97     2.02880e-07     3.67923e-07
      98     2.01463e-07     3.65501e-07
      99     2.03864e-07     3.66897e-07
     100     2.05158e-07     3.67185e-07
     101     2.05200e-07     3.66238e-07
     102     2.05662e-07     3.65711e-07
     103     2.04070e-07     3.63129e-07
     104     2.07792e-07     3.65877e-07
     105     2.06837e-07     3.63948e-07
     106     2.08507e-07     3.64654e-07
     107     2.09346e-07     3.64534e-07
     108     2.10941e-07     3.65176e-07
     109     2.09864e-07     3.63152e-07
     110     2.12751e-07     3.65099e-07
     111     2.11925e-07     3.63339e-07
     112     2.14087e-07     3.64574e-07
     113     2.15365e-07     3.64930e-07
     114     2.15903e-07     3.64554e-07
     115     2.16590e-07     3.64333e-07
     116     2.18986e-07     3.65826e-07
     117     2.17148e-07     3.63093e-07
     118     2.19295e-07     3.64350e-07
     119     2.18960e-07     3.63134e-07
     120     2.20351e-07     3.63649e-07
     121     2.22371e-07     3.64799e-07
     122     2.23366e-07     3.64930e-07
     123     2.21982e-07     3.62690e-07
     124     2.23530e-07     3.63387e-07
     125     2.24610e-07     3.63622e-07
     126     2.27836e-07     3.66011e-07
     127     2.29485e-07     3.66829e-07
     128     2.30174e-07     3.66694e-07
     129     2.30330e-07     3.66031e-07
     130     2.31846e-07     3.66735e-07
     131     2.32330e-07     3.66415e-07
     132     2.33367e-07     3.66652e-07
     133     2.35020e-07     3.67513e-07
     134     2.34208e-07     3.65914e-07
     135     2.34290e-07     3.65217e-07
     136     2.38475e-07     3.68628e-07
     137     2.38078e-07     3.67465e-07
     138     2.38950e-07     3.67575e-07
     139     2.40040e-07     3.67909e-07
     140     2.42736e-07     3.69857e-07
     141     2.45347e-07     3.71726e-07
     142     2.43922e-07     3.69562e-07
     143     2.45513e-07     3.70422e-07
     144     2.46019e-07     3.70203e-07
     145     2.46797e-07     3.70263e-07
     146     2.49056e-07     3.71808e-07
     147     2.51817e-07     3.73862e-07
     148     2.51863e-07     3.73206e-07
     149     2.53420e-07     3.74067e-07
     150     2.54532e-07     3.74489e-07
     151     2.57092e-07     3.76365e-07
     152     2.56721e-07     3.75313e-07
     153     2.58538e-07     3.76456e-07
     154     2.59730e-07     3.76981e-07
     155     2.61492e-07     3.78080e-07
     156     2.63908e-07     3.79839e-07
     157     2.62886e-07     3.78165e-07
     158     2.64918e-07     3.79552e-07
     159     2.66754e-07     3.80745e-07
     160     2.67428e-07     3.80785e-07
     161     2.70543e-07     3.83268e-07
     162     2.70348e-07     3.82448e-07
     163     2.72032e-07     3.83512e-07
     164     2.73066e-07     3.83931e-07
     165     2.74419e-07     3.84673e-07
     166     2.77873e-07     3.87523e-07
     167     2.77127e-07     3.86176e-07
     168     2.77582e-07     3.86037e-07
     169     2.79343e-07     3.87208e-07
     170     2.82636e-07     3.89915e-07
     171     2.82713e-07     3.89413e-07
     172     2.84599e-07     3.90724e-07
     173     2.86537e-07     3.92090e-07
     174     2.89645e-07     3.94632e-07
     175     2.90159e-07     3.94585e-07
     176     2.92004e-07     3.95873e-07
     177     2.95514e-07     3.98832e-07
     178     2.96838e-07     3.99607e-07
     179     2.96360e-07     3.98587e-07
     180     2.96392e-07     3.98080e-07
     181     2.98731e-07     3.99885e-07
     182     3.01127e-07     4.01752e-07
     183     3.04159e-07     4.04258e-07
     184     3.06403e-07     4.05982e-07
     185     3.08013e-07     4.07075e-07
     186     3.07005e-07     4.05556e-07
     187     3.09934e-07     4.07975e-07
     188     3.12279e-07     4.09816e-07
     189     3.13584e-07     4.10621e-07
     190     3.16097e-07     4.12638e-07
     191     3.17077e-07     4.13126e-07
     192     3.18642e-07     4.14203e-07
     193     3.20978e-07     4.16056e-07
     194     3.20881e-07     4.15477e-07
     195     3.24480e-07     4.18600e-07
     196     3.26806e-07     4.20455e-07
     197     3.27299e-07     4.20479e-07
     198     3.28469e-07     4.21184e-07
     199     3.32154e-07     4.24408e-07
     200     3.33795e-07     4.25591e-07
     201     3.37350e-07     4.28692e-07
     202     3.35212e-07     4.26103e-07
     203     3.41714e-07     4.32158e-07
     204     3.41039e-07     4.31040e-07
     205     3.42786e-07     4.32348e-07
     206     3.45510e-07     4.34635e-07
     207     3.45235e-07     4.33927e-07
     208     3.49529e-07     4.37792e-07
     209     3.52044e-07     4.39880e-07
     210     3.53450e-07     4.40863e-07
     211     3.55564e-07     4.42558e-07
     212     3.58280e-07     4.44857e-07
     213     3.59690e-07     4.45854e-07
     214     3.61269e-07     4.47023e-07
     215     3.62329e-07     4.47677e-07
     216     3.64105e-07     4.49049e-07
     217     3.66245e-07     4.50788e-07
     218     3.68197e-07     4.52343e-07
     219     3.70744e-07     4.54496e-07
     220     3.72921e-07     4.56282e-07
     221     3.74916e-07     4.57889e-07
     222     3.77142e-07     4.59730e-07
     223     3.79472e-07     4.61678e-07
     224     3.80432e-07     4.62258e-07
     225     3.82787e-07     4.64238e-07
     226     3.86225e-07     4.67302e-07
     227     3.88337e-07     4.69043e-07
     228     3.90500e-07     4.70836e-07
     229     3.90512e-07     4.70484e-07
     230     3.94317e-07     4.73926e-07
     231     3.95298e-07     4.74548e-07
     232     3.99515e-07     4.78409e-07
     233     4.00485e-07     4.79024e-07
     234     4.03209e-07     4.81396e-07
     235     4.03072e-07     4.80910e-07
     236     4.04980e-07     4.82470e-07
     237     4.09890e-07     4.87037e-07
     238     4.11254e-07     4.88060e-07
     239     4.11924e-07     4.88391e-07
     240     4.14865e-07     4.90995e-07
     241     4.15545e-07     4.91340e-07
     242     4.19017e-07     4.94481e-07
     243     4.21883e-07     4.97018e-07
     244     4.24413e-07     4.99221e-07
     245     4.25830e-07     5.00312e-07
     246     4.27831e-07     5.01989e-07
     247     4.31079e-07     5.04917e-07
     248     4.32030e-07     5.05551e-07
     249     4.32762e-07     5.05967e-07
     250     4.35770e-07     5.08661e-07
     251     4.37147e-07     5.09727e-07
     252     4.39751e-07     5.12022e-07
     253     4.42959e-07     5.14922e-07
     254     4.41573e-07     5.13231e-07
     255     4.45355e-07     5.16708e-07
     256     4.48751e-07     5.19804e-07
     257     4.50379e-07     5.21132e-07
     258     4.51488e-07     5.21944e-07
     259     4.54026e-07     5.24187e-07
     260     4.55897e-07     5.25765e-07
     261     4.58248e-07     5.27825e-07
     262     4.59729e-07     5.29017e-07
     263     4.62964e-07     5.31964e-07
     264     4.64992e-07     5.33706e-07
     265     4.68059e-07     5.36490e-07
     266     4.66784e-07     5.34933e-07
     267     4.70782e-07     5.38651e-07
     268     4.74560e-07     5.42152e-07
     269     4.74182e-07     5.41497e-07
     270     4.74193e-07     5.41234e-07
     271     4.78545e-07     5.45313e-07
     272     4.82105e-07     5.48603e-07
     273     4.83368e-07     5.49597e-07
     274     4.85642e-07     5.51605e-07
     275     4.88952e-07     5.54648e-07
     276     4.89131e-07     5.54564e-07
     277     4.89794e-07     5.54965e-07
     278     4.92888e-07     5.57798e-07
     279     4.94048e-07     5.58698e-07
     280     4.94036e-07     5.58431e-07
     281     4.98197e-07     5.62336e-07
     282     5.00713e-07     5.64598e-07
     283     5.02058e-07     5.65691e-07
     284     5.05127e-07     5.68510e-07
     285     5.06112e-07     5.69245e-07
     286     5.06618e-07     5.69503e-07
     287     5.09460e-07     5.72100e-07
     288     5.11880e-07     5.74275e-07
     289     5.11501e-07     5.73654e-07
     290     5.14074e-07     5.75985e-07
     291     5.14754e-07     5.76425e-07
     292     5.14241e-07     5.75675e-07
     293     5.15999e-07     5.77195e-07
     294     5.20026e-07     5.80986e-07
     295     5.19878e-07     5.80605e-07
     296     5.24764e-07     5.85256e-07
     297     5.25581e-07     5.85843e-07
     298     5.27509e-07     5.87541e-07
     299     5.29762e-07     5.89565e-07
     300     5.30470e-07     5.90046e-07
     301     5.32471e-07     5.91820e-07
     302     5.32906e-07     5.92030e-07
     303     5.32309e-07     5.91211e-07
     304     5.32572e-07     5.91252e-07
     305     5.35943e-07     5.94401e-07
     306     5.37307e-07     5.95545e-07
     307     5.39841e-07     5.97861e-07
     308     5.41279e-07     5.99082e-07
     309     5.39773e-07     5.97361e-07
     310     5.42624e-07     5.99997e-07
     311     5.43954e-07     6.01114e-07
     312     5.43865e-07     6.00812e-07
     313     5.45858e-07     6.02595e-07
     314     5.48629e-07     6.05156e-07
     315     5.47272e-07     6.03591e-07
     316     5.50065e-07     6.06175e-07
     317     5.49882e-07     6.05786e-07
     318     5.53202e-07     6.08902e-07
     319     5.51239e-07     6.06735e-07
     320     5.53623e-07     6.08916e-07
     321     5.54972e-07     6.10063e-07
     322     5.56052e-07     6.10943e-07
     323     5.55095e-07     6.09787e-07
     324     5.59001e-07     6.13493e-07
     325     5.59116e-07     6.13411e-07
     326     5.59532e-07     6.13631e-07
     327     5.60424e-07     6.14329e-07
     328     5.63303e-07     6.17012e-07
     329     5.63189e-07     6.16705e-07
     330     5.58982e-07     6.12307e-07
     331     5.64367e-07     6.17502e-07
     332     5.63962e-07     6.16907e-07
     333     5.67272e-07     6.20029e-07
     334     5.66381e-07     6.18949e-07
     335     5.70013e-07     6.22393e-07
     336     5.68177e-07     6.20373e-07
     337     5.70160e-07     6.22170e-07
     338     5.68263e-07     6.20089e-07
     339     5.71599e-07     6.23243e-07
     340     5.69690e-07     6.21152e-07
     341     5.73859e-07     6.25139e-07
     342     5.74036e-07     6.25136e-07
     343     5.72903e-07     6.23825e-07
     344     5.75610e-07     6.26352e-07
     345     5.75465e-07     6.26030e-07
     346     5.74975e-07     6.25363e-07
     347     5.75726e-07     6.25939e-07
     348     5.72527e-07     6.22565e-07
     349     5.74152e-07     6.24017e-07
     350     5.76581e-07     6.26272e-07
     351     5.77016e-07     6.26537e-07
     352     5.79831e-07     6.29180e-07
     353     5.75022e-07     6.24202e-07
     354     5.78783e-07     6.27793e-07
     355     5.79288e-07     6.28128e-07
     356     5.79707e-07     6.28379e-07
     357     5.78700e-07     6.27206e-07
     358     5.79138e-07     6.27477e-07
     359     5.79382e-07     6.27556e-07
     360     5.79291e-07     6.27300e-07
     361     5.77687e-07     6.25533e-07
     362     5.82334e-07     6.30016e-07
     363     5.82705e-07     6.30226e-07
     364     5.79465e-07     6.26823e-07
     365     5.80660e-07     6.27858e-07
     366     5.82000e-07     6.29038e-07
     367     5.82876e-07     6.29756e-07
     368     5.81181e-07     6.27902e-07
     369     5.80789e-07     6.27353e-07
     370     5.85110e-07     6.31517e-07
     371     5.81611e-07     6.27863e-07
     372     5.82334e-07     6.28430e-07
     373     5.83813e-07     6.29753e-07
     374     5.84871e-07     6.30659e-07
     375     5.82966e-07     6.28600e-07
     376     5.85447e-07     6.30929e-07
     377     5.86439e-07     6.31770e-07
     378     5.83107e-07     6.28287e-07
     379     5.83725e-07     6.28754e-07
     380     5.86188e-07     6.31068e-07
     381     5.83351e-07     6.28082e-07
     382     5.83606e-07     6.28188e-07
     383     5.85380e-07     6.29815e-07
     384     5.84841e-07     6.29130e-07
     385     5.85890e-07     6.30033e-07
     386     5.83922e-07     6.27921e-07
     387     5.84281e-07     6.28135e-07
     388     5.84896e-07     6.28605e-07
     389     5.85461e-07     6.29027e-07
     390     5.85602e-07     6.29025e-07
     391     5.84663e-07     6.27945e-07
     392     5.85944e-07     6.29085e-07
     393     5.85835e-07     6.28836e-07
     394     5.85663e-07     6.28524e-07
     395     5.85292e-07     6.28013e-07
     396     5.86723e-07     6.29306e-07
     397     5.88526e-07     6.30970e-07
     398     5.86724e-07     6.29030e-07
     399     5.86728e-07     6.28898e-07
     400     5.87740e-07     6.29775e-07
     401     5.84680e-07     6.26578e-07
     402     5.84580e-07     6.26343e-07
     403     5.86531e-07     6.28161e-07
     404     5.84856e-07     6.26352e-07
     405     5.86418e-07     6.27781e-07
     406     5.86477e-07     6.27707e-07
     407     5.84463e-07     6.25562e-07
     408     5.85317e-07     6.26283e-07
     409     5.85109e-07     6.25945e-07
     410     5.85925e-07     6.26630e-07
     411     5.85882e-07     6.26458e-07
     412     5.86154e-07     6.26601e-07
     413     5.85198e-07     6.25517e-07
     414     5.85585e-07     6.25776e-07
     415     5.86128e-07     6.26191e-07
     416     5.89348e-07     6.29285e-07
     417     5.86618e-07     6.26428e-07
     418     5.89133e-07     6.28817e-07
     419     5.86876e-07     6.26437e-07
     420     5.85591e-07     6.25027e-07
     421     5.85608e-07     6.24921e-07
     422     5.88898e-07     6.28086e-07
     423     5.86531e-07     6.25596e-07
     424     5.89500e-07     6.28443e-07
     425     5.87390e-07     6.26212e-07
     426     5.88892e-07     6.27593e-07
     427     5.88113e-07     6.26693e-07
     428     5.86443e-07     6.24902e-07
     429     5.88494e-07     6.26834e-07
     430     5.89606e-07     6.27826e-07
     431     5.89749e-07     6.27851e-07
     432     5.87205e-07     6.25190e-07
     433     5.89140e-07     6.27007e-07
     434     5.88726e-07     6.26476e-07
     435     5.91115e-07     6.28748e-07
     436     5.89990e-07     6.27508e-07
     437     5.89993e-07     6.27395e-07
     438     5.88915e-07     6.26202e-07
     439     5.90329e-07     6.27501e-07
     440     5.91113e-07     6.28170e-07
     441     5.87820e-07     6.24765e-07
     442     5.91567e-07     6.28399e-07
     443     5.88593e-07     6.25313e-07
     444     5.92672e-07     6.29279e-07
     445     5.89350e-07     6.25845e-07
     446     5.91022e-07     6.27407e-07
     447     5.92408e-07     6.28681e-07
     448     5.90039e-07     6.26203e-07
     449     5.92588e-07     6.28641e-07
     450     5.90600e-07     6.26546e-07
     451     5.93872e-07     6.29709e-07
     452     5.92562e-07     6.28290e-07
     453     5.92673e-07     6.28293e-07
     454     5.93425e-07     6.28938e-07
     455     5.94206e-07     6.29612e-07
     456     5.92344e-07     6.27643e-07
     457     5.92896e-07     6.28089e-07
     458     5.94702e-07     6.29789e-07
     459     5.96218e-07     6.31201e-07
     460     5.95430e-07     6.30308e-07
     461     5.97140e-07     6.31913e-07
     462     5.98440e-07     6.33110e-07
     463     5.97729e-07     6.32296e-07
     464     5.97302e-07     6.31766e-07
     465     5.96146e-07     6.30508e-07
     466     5.99271e-07     6.33530e-07
     467     5.95834e-07     6.29992e-07
     468     5.99173e-07     6.33230e-07
     469     5.97617e-07     6.31573e-07
     470     5.99823e-07     6.33678e-07
     471     5.99958e-07     6.33713e-07
     472     5.99416e-07     6.33072e-07
     473     6.01934e-07     6.35491e-07
     474     6.01090e-07     6.34548e-07
     475     6.01304e-07     6.34665e-07
     476     6.00413e-07     6.33676e-07
     477     6.03014e-07     6.36179e-07
     478     6.01964e-07     6.35032e-07
     479     6.04054e-07     6.37027e-07
     480     6.05333e-07     6.38209e-07
     481     6.03585e-07     6.36364e-07
     482     6.01415e-07     6.34100e-07
     483     6.07204e-07     6.39793e-07
     484     6.06171e-07     6.38666e-07
     485     6.09199e-07     6.41600e-07
     486     6.06165e-07     6.38473e-07
     487     6.07034e-07     6.39248e-07
     488     6.10020e-07     6.42141e-07
     489     6.10051e-07     6.42079e-07
     490     6.07885e-07     6.39821e-07
     491     6.10897e-07     6.42741e-07
     492     6.12892e-07     6.44645e-07
     493     6.14196e-07     6.45858e-07
     494     6.12450e-07     6.44020e-07
     495     6.15264e-07     6.46745e-07
     496     6.10250e-07     6.41641e-07
     497     6.16548e-07     6.47850e-07
     498     6.15540e-07     6.46752e-07
     499     6.16300e-07     6.47423e-07
     500     6.19284e-07     6.50319e-07
     501     6.17573e-07     6.48520e-07
     502     6.17305e-07     6.48164e-07
     503     6.19755e-07     6.50528e-07
     504     6.18313e-07     6.48997e-07
     505     6.20920e-07     6.51518e-07
     506     6.19597e-07     6.50108e-07
     507     6.22090e-07     6.52517e-07
     508     6.23073e-07     6.53413e-07
     509     6.24282e-07     6.54537e-07
     510     6.25201e-07     6.55372e-07
     511     6.25415e-07     6.55501e-07
     512     6.27525e-07     6.57527e-07
     513     6.29074e-07     6.58993e-07
     514     6.26792e-07     6.56626e-07
     515     6.29749e-07     6.59502e-07
     516     6.31469e-07     6.61138e-07
     517     6.27827e-07     6.57413e-07
     518     6.34132e-07     6.63637e-07
     519     6.31625e-07     6.61048e-07
     520     6.34676e-07     6.64017e-07
     521     6.34059e-07     6.63320e-07
     522     6.35293e-07     6.64474e-07
     523     6.35958e-07     6.65057e-07
     524     6.38291e-07     6.67310e-07
     525     6.38854e-07     6.67794e-07
     526     6.40581e-07     6.69441e-07
     527     6.41136e-07     6.69918e-07
     528     6.40248e-07     6.68950e-07
     529     6.40539e-07     6.69163e-07
     530     6.41074e-07     6.69619e-07
     531     6.43953e-07     6.72421e-07
     532     6.44435e-07     6.72825e-07
     533     6.44982e-07     6.73295e-07
     534     6.46957e-07     6.75193e-07
     535     6.50609e-07     6.78770e-07
     536     6.50683e-07     6.78766e-07
     537     6.51131e-07     6.79139e-07
     538     6.49646e-07     6.77579e-07
     539     6.53691e-07     6.81548e-07
     540     6.51224e-07     6.79005e-07
     541     6.55668e-07     6.83374e-07
     542     6.57421e-07     6.85053e-07
     543     6.55671e-07     6.83229e-07
     544     6.59427e-07     6.86912e-07
     545     6.57829e-07     6.85240e-07
     546     6.63145e-07     6.90482e-07
     547     6.62092e-07     6.89357e-07
     548     6.63334e-07     6.90527e-07
     549     6.64474e-07     6.91594e-07
     550     6.64798e-07     6.91845e-07
     551     6.68884e-07     6.95860e-07
     552     6.66995e-07     6.93900e-07
     553     6.68515e-07     6.95348e-07
     554     6.68743e-07     6.95504e-07
     555     6.70884e-07     6.97575e-07
     556     6.73788e-07     7.00409e-07
     557     6.74425e-07     7.00976e-07
     558     6.77437e-07     7.03917e-07
     559     6.76421e-07     7.02832e-07
     560     6.78060e-07     7.04402e-07
     561     6.80218e-07     7.06491e-07
     562     6.77760e-07     7.03963e-07
     563     6.79912e-07     7.06048e-07
     564     6.81727e-07     7.07793e-07
     565     6.83967e-07     7.09966e-07
     566     6.83850e-07     7.09781e-07
     567     6.87235e-07     7.13099e-07
     568     6.86390e-07     7.12187e-07
     569     6.89883e-07     7.15613e-07
     570     6.89009e-07     7.14674e-07
     571     6.92731e-07     7.18328e-07
     572     6.91357e-07     7.16888e-07
     573     6.91136e-07     7.16602e-07
     574     6.94483e-07     7.19883e-07
     575     6.96383e-07     7.21717e-07
     576     6.96510e-07     7.21779e-07
     577     6.99515e-07     7.24720e-07
     578     7.00364e-07     7.25505e-07
     579     6.97784e-07     7.22860e-07
     580     7.01673e-07     7.26685e-07
     581     7.02410e-07     7.27359e-07
     582     7.05078e-07     7.29963e-07
     583     7.06623e-07     7.31444e-07
     584     7.09223e-07     7.33982e-07
     585     7.07417e-07     7.32112e-07
     586     7.08275e-07     7.32908e-07
     587     7.11249e-07     7.35820e-07
     588     7.12345e-07     7.36854e-07
     589     7.11097e-07     7.35545e-07
     590     7.13648e-07     7.38034e-07
     591     7.16126e-07     7.40451e-07
     592     7.15818e-07     7.40081e-07
     593     7.17455e-07     7.41658e-07
     594     7.20436e-07     7.44578e-07
     595     7.19359e-07     7.43442e-07
     596     7.23261e-07     7.47284e-07
     597     7.21575e-07     7.45538e-07
     598     7.25890e-07     7.49793e-07
     599     7.27105e-07     7.50949e-07
     600     7.27277e-07     7.51061e-07
     601     7.27450e-07     7.51175e-07
     602     7.32155e-07     7.55823e-07
     603     7.31373e-07     7.54982e-07
     604     7.33016e-07     7.56567e-07
     605     7.33158e-07     7.56651e-07
     606     7.35839e-07     7.59274e-07
     607     7.40557e-07     7.63935e-07
     608     7.37932e-07     7.61252e-07
     609     7.36315e-07     7.59578e-07
     610     7.40796e-07     7.64002e-07
     611     7.40486e-07     7.63636e-07
     612     7.43233e-07     7.66326e-07
     613     7.44209e-07     7.67245e-07
     614     7.46900e-07     7.69882e-07
     615     7.47435e-07     7.70362e-07
     616     7.46832e-07     7.69702e-07
     617     7.49132e-07     7.71947e-07
     618     7.49755e-07     7.72515e-07
     619     7.52407e-07     7.75111e-07
     620     7.52453e-07     7.75104e-07
     621     7.53514e-07     7.76110e-07
     622     7.53304e-07     7.75847e-07
     623     7.56609e-07     7.79096e-07
     624     7.53696e-07     7.76130e-07
     625     7.57949e-07     7.80330e-07
     626     7.57258e-07     7.79585e-07
     627     7.60023e-07     7.82299e-07
     628     7.63996e-07     7.86218e-07
     629     7.61635e-07     7.83803e-07
     630     7.61243e-07     7.83360e-07
     631     7.65656e-07     7.87721e-07
     632     7.65068e-07     7.87081e-07
     633     7.68558e-07     7.90519e-07
     634     7.67679e-07     7.89588e-07
     635     7.68967e-07     7.90824e-07
     636     7.69312e-07     7.91117e-07
     637     7.71772e-07     7.93527e-07
     638     7.73027e-07     7.94731e-07
     639     7.75054e-07     7.96706e-07
     640     7.74602e-07     7.96204e-07
     641     7.74931e-07     7.96483e-07
     642     7.76869e-07     7.98371e-07
     643     7.77128e-07     7.98580e-07
     644     7.77164e-07     7.98566e-07
     645     7.80808e-07     8.02160e-07
     646     7.81175e-07     8.02478e-07
     647     7.84043e-07     8.05298e-07
     648     7.82514e-07     8.03719e-07
     649     7.81304e-07     8.02460e-07
     650     7.83607e-07     8.04714e-07
     651     7.85038e-07     8.06097e-07
     652     7.87452e-07     8.08463e-07
     653     7.86916e-07     8.07877e-07
     654     7.89997e-07     8.10911e-07
     655     7.91173e-07     8.12038e-07
     656     7.91642e-07     8.12460e-07
     657     7.90813e-07     8.11584e-07
     658     7.94302e-07     8.15026e-07
     659     7.96044e-07     8.16721e-07
     660     7.95243e-07     8.15872e-07
     661     7.95667e-07     8.16250e-07
     662     7.96540e-07     8.17076e-07
     663     7.96454e-07     8.16944e-07
     664     7.98826e-07     8.19269e-07
     665     8.01761e-07     8.22159e-07
     666     8.00249e-07     8.20599e-07
     667     8.02890e-07     8.23195e-07
     668     8.04694e-07     8.24953e-07
     669     8.01478e-07     8.21694e-07
     670     8.03922e-07     8.24092e-07
     671     8.03343e-07     8.23467e-07
     672     8.04812e-07     8.24892e-07
     673     8.04715e-07     8.24750e-07
     674     8.07641e-07     8.27631e-07
     675     8.09016e-07     8.28962e-07
     676     8.07682e-07     8.27582e-07
     677     8.10984e-07     8.30840e-07
     678     8.11567e-07     8.31379e-07
     679     8.11903e-07     8.31673e-07
     680     8.11901e-07     8.31627e-07
     681     8.13809e-07     8.33490e-07
     682     8.14194e-07     8.33833e-07
     683     8.13889e-07     8.33484e-07
     684     8.13486e-07     8.33039e-07
     685     8.17143e-07     8.36653e-07
     686     8.17000e-07     8.36465e-07
     687     8.19456e-07     8.38879e-07
     688     8.18267e-07     8.37648e-07
     689     8.18197e-07     8.37535e-07
     690     8.19375e-07     8.38673e-07
     691     8.22238e-07     8.41492e-07
     692     8.20422e-07     8.39634e-07
     693     8.19696e-07     8.38868e-07
     694     8.21972e-07     8.41102e-07
     695     8.22183e-07     8.41271e-07
     696     8.20803e-07     8.39850e-07
     697     8.22917e-07     8.41923e-07
     698     8.22611e-07     8.41576e-07
     699     8.25804e-07     8.44728e-07
     700     8.22957e-07     8.41840e-07
     701     8.28716e-07     8.47558e-07
     702     8.27952e-07     8.46755e-07
     703     8.28095e-07     8.46857e-07
     704     8.30074e-07     8.48797e-07
     705     8.29552e-07     8.48234e-07
     706     8.29557e-07     8.48199e-07
     707     8.30821e-07     8.49423e-07
     708     8.32547e-07     8.51109e-07
     709     8.30003e-07     8.48525e-07
     710     8.27753e-07     8.46236e-07
     711     8.32444e-07     8.50889e-07
     712     8.34278e-07     8.52683e-07
     713     8.36796e-07     8.55162e-07
     714     8.34708e-07     8.53035e-07
     715     8.34904e-07     8.53193e-07
     716     8.35039e-07     8.53288e-07
     717     8.37910e-07     8.56122e-07
     718     8.36026e-07     8.54200e-07
     719     8.37665e-07     8.55801e-07
     720     8.36795e-07     8.54891e-07
     721     8.38836e-07     8.56895e-07
     722     8.39584e-07     8.57605e-07
     723     8.39696e-07     8.57679e-07
     724     8.43649e-07     8.61596e-07
     725     8.40139e-07     8.58049e-07
     726     8.42562e-07     8.60433e-07
     727     8.42678e-07     8.60513e-07
     728     8.43646e-07     8.61443e-07
     729     8.44828e-07     8.62589e-07
     730     8.43522e-07     8.61247e-07
     731     8.45081e-07     8.62768e-07
     732     8.46562e-07     8.64213e-07
     733     8.48391e-07     8.66006e-07
     734     8.47133e-07     8.64711e-07
     735     8.46726e-07     8.64268e-07
     736     8.47557e-07     8.65063e-07
     737     8.51257e-07     8.68726e-07
     738     8.44992e-07     8.62427e-07
     739     8.46665e-07     8.64063e-07
     740     8.50003e-07     8.67366e-07
     741     8.49579e-07     8.66906e-07
     742     8.51118e-07     8.68409e-07
     743     8.52054e-07     8.69310e-07
     744     8.54333e-07     8.71555e-07
     745     8.53846e-07     8.71034e-07
     746     8.54376e-07     8.71528e-07
     747     8.52059e-07     8.69175e-07
     748     8.53888e-07     8.70969e-07
     749     8.52563e-07     8.69612e-07
     750     8.51400e-07     8.68414e-07
     751     8.52730e-07     8.69709e-07
     752     8.52062e-07     8.69006e-07
     753     8.56046e-07     8.72957e-07
     754     8.55089e-07     8.71965e-07
     755     8.59763e-07     8.76605e-07
     756     8.59953e-07     8.76762e-07
     757     8.60961e-07     8.77736e-07
     758     8.57390e-07     8.74131e-07
     759     8.59169e-07     8.75876e-07
     760     8.61492e-07     8.78166e-07
     761     8.61182e-07     8.77823e-07
     762     8.62532e-07     8.79140e-07
     763     8.63122e-07     8.79697e-07
     764     8.61115e-07     8.77657e-07
     765     8.65656e-07     8.82164e-07
     766     8.63157e-07     8.79632e-07
     767     8.65477e-07     8.81921e-07
     768     8.63188e-07     8.79598e-07
     769     8.68005e-07     8.84383e-07
     770     8.65857e-07     8.82203e-07
     771     8.66287e-07     8.82600e-07
     772     8.68664e-07     8.84945e-07
     773     8.70799e-07     8.87049e-07
     774     8.69144e-07     8.85361e-07
     775     8.70162e-07     8.86347e-07
     776     8.72234e-07     8.88388e-07
     777     8.73083e-07     8.89205e-07
     778     8.72611e-07     8.88701e-07
     779     8.72323e-07     8.88382e-07
     780     8.74466e-07     8.90493e-07
     781     8.72168e-07     8.88164e-07
     782     8.72402e-07     8.88368e-07
     783     8.74420e-07     8.90353e-07
     784     8.72737e-07     8.88639e-07
     785     8.76398e-07     8.92270e-07
     786     8.75306e-07     8.91147e-07
     787     8.77982e-07     8.93793e-07
     788     8.76913e-07     8.92692e-07
     789     8.80398e-07     8.96147e-07
     790     8.81339e-07     8.97058e-07
     791     8.80293e-07     8.95980e-07
     792     8.79828e-07     8.95485e-07
     793     8.83577e-07     8.99204e-07
     794     8.84512e-07     9.00110e-07
     795     8.82298e-07     8.97865e-07
     796     8.85212e-07     9.00750e-07
     797     8.83328e-07     8.98836e-07
     798     8.84962e-07     9.00440e-07
     799     8.86485e-07     9.01933e-07
     800     8.88403e-07     9.03822e-07
     801     8.88823e-07     9.04212e-07
     802     8.92526e-07     9.07885e-07
     803     8.88071e-07     9.03401e-07
     804     8.92992e-07     9.08293e-07
     805     8.92351e-07     9.07623e-07
     806     8.91503e-07     9.06746e-07
     807     8.91111e-07     9.06325e-07
     808     8.89485e-07     9.04670e-07
     809     8.95899e-07     9.11055e-07
     810     8.95818e-07     9.10945e-07
     811     8.96719e-07     9.11818e-07
     812     8.98313e-07     9.13383e-07
     813     8.98303e-07     9.13344e-07
     814     8.97799e-07     9.12812e-07
     815     8.99543e-07     9.14528e-07
     816     9.00323e-07     9.15280e-07
     817     9.03011e-07     9.17940e-07
     818     9.01410e-07     9.16310e-07
     819     9.03695e-07     9.18568e-07
     820     9.03749e-07     9.18593e-07
     821     9.04935e-07     9.19752e-07
     822     9.06405e-07     9.21194e-07
     823     9.07666e-07     9.22427e-07
     824     9.08957e-07     9.23690e-07
     825     9.08363e-07     9.23069e-07
     826     9.08457e-07     9.23135e-07
     827     9.10491e-07     9.25142e-07
     828     9.11815e-07     9.26439e-07
     829     9.11941e-07     9.26538e-07
     830     9.13792e-07     9.28362e-07
     831     9.16725e-07     9.31267e-07
     832     9.15608e-07     9.30124e-07
     833     9.18545e-07     9.33033e-07
     834     9.19340e-07     9.33801e-07
     835     9.17712e-07     9.32147e-07
     836     9.18544e-07     9.32952e-07
     837     9.20975e-07     9.35356e-07
     838     9.21000e-07     9.35355e-07
     839     9.23117e-07     9.37446e-07
     840     9.24341e-07     9.38643e-07
     841     9.25758e-07     9.40034e-07
     842     9.27302e-07     9.41551e-07
     843     9.28079e-07     9.42302e-07
     844     9.28239e-07     9.42436e-07
     845     9.31184e-07     9.45354e-07
     846     9.30201e-07     9.44345e-07
     847     9.36831e-07     9.50950e-07
     848     9.31201e-07     9.45294e-07
     849     9.35542e-07     9.49610e-07
     850     9.34970e-07     9.49011e-07
     851     9.36609e-07     9.50625e-07
     852     9.38567e-07     9.52558e-07
     853     9.37730e-07     9.51695e-07
     854     9.36426e-07     9.50366e-07
     855     9.38553e-07     9.52467e-07
     856     9.38920e-07     9.52809e-07
     857     9.45967e-07     9.59831e-07
     858     9.45733e-07     9.59571e-07
     859     9.46633e-07     9.60446e-07
     860     9.47398e-07     9.61186e-07
     861     9.48010e-07     9.61773e-07
     862     9.49154e-07     9.62892e-07
     863     9.52017e-07     9.65730e-07
     864     9.52196e-07     9.65884e-07
     865     9.56303e-07     9.69967e-07
     866     9.53751e-07     9.67390e-07
     867     9.60839e-07     9.74454e-07
     868     9.56009e-07     9.69599e-07
     869     9.57932e-07     9.71498e-07
     870     9.58948e-07     9.72490e-07
     871     9.59732e-07     9.73249e-07
     872     9.60984e-07     9.74477e-07
     873     9.61479e-07     9.74947e-07
     874     9.64412e-07     9.77856e-07
     875     9.69334e-07     9.82754e-07
     876     9.64039e-07     9.77436e-07
     877     9.71865e-07     9.85237e-07
     878     9.69186e-07     9.82535e-07
     879     9.71429e-07     9.84754e-07
     880     9.70713e-07     9.84014e-07
     881     9.76182e-07     9.89460e-07
     882     9.75180e-07     9.88433e-07
     883     9.76337e-07     9.89568e-07
     884     9.79133e-07     9.92339e-07
     885     9.78136e-07     9.91319e-07
     886     9.81040e-07     9.94200e-07
     887     9.83598e-07     9.96735e-07
     888     9.83011e-07     9.96125e-07
     889     9.83809e-07     9.96899e-07
     890     9.84770e-07     9.97837e-07
     891     9.88667e-07     1.00171e-06
     892     9.86060e-07     9.99081e-07
     893     9.89569e-07     1.00257e-06
     894     9.93954e-07     1.00693e-06
     895     9.94824e-07     1.00778e-06
     896     9.95226e-07     1.00816e-06
     897     9.95789e-07     1.00870e-06
     898     9.97981e-07     1.01087e-06
     899     9.99215e-07     1.01208e-06
     900     1.00178e-06     1.01462e-06
     901     1.00171e-06     1.01452e-06
     902     1.00375e-06     1.01655e-06
     903     1.00270e-06     1.01547e-06
     904     1.00825e-06     1.02100e-06
     905     1.00890e-06     1.02163e-06
     906     1.00845e-06     1.02115e-06
     907     1.01257e-06     1.02525e-06
     908     1.01118e-06     1.02385e-06
     909     1.01318e-06     1.02582e-06
     910     1.01402e-06     1.02664e-06
     911     1.01513e-06     1.02773e-06
     912     1.01794e-06     1.03051e-06
     913     1.01791e-06     1.03046e-06
     914     1.01999e-06     1.03252e-06
     915     1.01864e-06     1.03115e-06
     916     1.02042e-06     1.03291e-06
     917     1.02156e-06     1.03402e-06
     918     1.02822e-06     1.04067e-06
     919     1.02852e-06     1.04094e-06
     920     1.02690e-06     1.03930e-06
     921     1.03133e-06     1.04371e-06
     922     1.03122e-06     1.04357e-06
     923     1.03415e-06     1.04649e-06
     924     1.03405e-06     1.04636e-06
     925     1.03667e-06     1.04896e-06
     926     1.03581e-06     1.04808e-06
     927     1.03554e-06     1.04779e-06
     928     1.04091e-06     1.05314e-06
     929     1.04294e-06     1.05515e-06
     930     1.04534e-06     1.05753e-06
     931     1.04333e-06     1.05550e-06
     932     1.04559e-06     1.05774e-06
     933     1.04447e-06     1.05659e-06
     934     1.04681e-06     1.05891e-06
     935     1.05025e-06     1.06233e-06
     936     1.05161e-06     1.06367e-06
     937     1.04932e-06     1.06136e-06
     938     1.05553e-06     1.06756e-06
     939     1.05258e-06     1.06458e-06
     940     1.05739e-06     1.06937e-06
     941     1.05638e-06     1.06834e-06
     942     1.05949e-06     1.07142e-06
     943     1.06007e-06     1.07199e-06
     944     1.06154e-06     1.07344e-06
     945     1.05955e-06     1.07143e-06
     946     1.06289e-06     1.07475e-06
     947     1.06375e-06     1.07559e-06
     948     1.06682e-06     1.07864e-06
     949     1.06873e-06     1.08053e-06
     950     1.07158e-06     1.08336e-06
     951     1.06686e-06     1.07862e-06
     952     1.07360e-06     1.08534e-06
     953     1.07242e-06     1.08414e-06
     954     1.07621e-06     1.08791e-06
     955     1.07646e-06     1.08814e-06
     956     1.07606e-06     1.08772e-06
     957     1.07498e-06     1.08663e-06
     958     1.08128e-06     1.09291e-06
     959     1.08098e-06     1.09258e-06
     960     1.08394e-06     1.09552e-06
     961     1.08242e-06     1.09398e-06
     962     1.08397e-06     1.09552e-06
     963     1.08752e-06     1.09905e-06
     964     1.08533e-06     1.09683e-06
     965     1.09166e-06     1.10315e-06
     966     1.08931e-06     1.10078e-06
     967     1.09079e-06     1.10224e-06
     968     1.09426e-06     1.10569e-06
     969     1.09309e-06     1.10450e-06
     970     1.09665e-06     1.10804e-06
     971     1.09582e-06     1.10720e-06
     972     1.09723e-06     1.10858e-06
     973     1.09838e-06     1.10971e-06
     974     1.10041e-06     1.11172e-06
     975     1.10209e-06     1.11338e-06
     976     1.10496e-06     1.11624e-06
     977     1.10811e-06     1.11937e-06
     978     1.10619e-06     1.11743e-06
     979     1.11087e-06     1.12209e-06
     980     1.11017e-06     1.12137e-06
     981     1.10934e-06     1.12053e-06
     982     1.11150e-06     1.12267e-06
     983     1.10982e-06     1.12096e-06
     984     1.11143e-06     1.12256e-06
     985     1.11552e-06     1.12663e-06
     986     1.11441e-06     1.12550e-06
     987     1.11638e-06     1.12745e-06
     988     1.11862e-06     1.12967e-06
     989     1.12070e-06     1.13173e-06
     990     1.11663e-06     1.12765e-06
     991     1.12185e-06     1.13285e-06
     992     1.12163e-06     1.13261e-06
     993     1.12298e-06     1.13394e-06
     994     1.12290e-06     1.13384e-06
     995     1.12143e-06     1.13235e-06
     996     1.12676e-06     1.13767e-06
     997     1.12457e-06     1.13546e-06
     998     1.12681e-06     1.13769e-06
     999     1.12859e-06     1.13945e-06
    1000     1.12932e-06     1.14016e-06
    1001     1.13045e-06     1.14127e-06
    1002     1.13284e-06     1.14365e-06
    1003     1.13270e-06     1.14348e-06
    1004     1.13395e-06     1.14471e-06
    1005     1.13369e-06     1.14444e-06
    1006     1.13743e-06     1.14816e-06
    1007     1.13847e-06     1.14918e-06
    1008     1.13892e-06     1.14962e-06
    1009     1.14033e-06     1.15101e-06
    1010     1.13976e-06     1.15042e-06
    1011     1.14051e-06     1.15116e-06
    1012     1.14560e-06     1.15623e-06
    1013     1.14146e-06     1.15207e-06
    1014     1.14309e-06     1.15369e-06
    1015     1.14654e-06     1.15712e-06
    1016     1.14738e-06     1.15794e-06
    1017     1.14989e-06     1.16044e-06
    1018     1.14936e-06     1.15989e-06
    1019     1.14963e-06     1.16014e-06
    1020     1.15406e-06     1.16456e-06
    1021     1.15263e-06     1.16310e-06
    1022     1.15342e-06     1.16388e-06
    1023     1.15366e-06     1.16410e-06
    1024     1.15774e-06     1.16816e-06
    1025     1.15668e-06     1.16709e-06
    1026     1.15795e-06     1.16834e-06
    1027     1.15655e-06     1.16693e-06
    1028     1.15700e-06     1.16736e-06
    1029     1.15831e-06     1.16865e-06
    1030     1.16167e-06     1.17199e-06
    1031     1.16048e-06     1.17079e-06
    1032     1.16252e-06     1.17281e-06
    1033     1.16166e-06     1.17193e-06
    1034     1.16525e-06     1.17551e-06
    1035     1.16258e-06     1.17282e-06
    1036     1.16757e-06     1.17780e-06
    1037     1.16518e-06     1.17539e-06
    1038     1.17031e-06     1.18051e-06
    1039     1.16800e-06     1.17818e-06
    1040     1.16968e-06     1.17984e-06
    1041     1.16936e-06     1.17950e-06
    1042     1.17450e-06     1.18463e-06
    1043     1.17273e-06     1.18284e-06
    1044     1.17619e-06     1.18628e-06
    1045     1.17275e-06     1.18283e-06
    1046     1.17471e-06     1.18478e-06
    1047     1.17779e-06     1.18784e-06
    1048     1.17807e-06     1.18810e-06
    1049     1.17549e-06     1.18551e-06
    1050     1.17624e-06     1.18624e-06
    1051     1.17652e-06     1.18651e-06
    1052     1.18103e-06     1.19100e-06
    1053     1.18089e-06     1.19084e-06
    1054     1.18444e-06     1.19437e-06
    1055     1.18297e-06     1.19289e-06
    1056     1.18972e-06     1.19963e-06
    1057     1.18770e-06     1.19760e-06
    1058     1.18494e-06     1.19482e-06
    1059     1.18927e-06     1.19913e-06
    1060     1.18768e-06     1.19752e-06
    1061     1.18930e-06     1.19913e-06
    1062     1.19055e-06     1.20037e-06
    1063     1.19162e-06     1.20141e-06
    1064     1.19038e-06     1.20016e-06
    1065     1.19499e-06     1.20476e-06
    1066     1.19717e-06     1.20692e-06
    1067     1.19549e-06     1.20523e-06
    1068     1.19602e-06     1.20574e-06
    1069     1.20002e-06     1.20973e-06
    1070     1.19906e-06     1.20875e-06
    1071     1.19704e-06     1.20672e-06
    1072     1.19984e-06     1.20950e-06
    1073     1.20017e-06     1.20982e-06
    1074     1.20325e-06     1.21288e-06
    1075     1.20040e-06     1.21002e-06
    1076     1.20521e-06     1.21481e-06
    1077     1.20522e-06     1.21480e-06
    1078     1.20627e-06     1.21584e-06
    1079     1.20775e-06     1.21730e-06
    1080     1.21240e-06     1.22194e-06
    1081     1.20794e-06     1.21746e-06
    1082     1.21036e-06     1.21987e-06
    1083     1.21128e-06     1.22078e-06
    1084     1.21390e-06     1.22338e-06
    1085     1.21472e-06     1.22418e-06
    1086     1.21433e-06     1.22378e-06
    1087     1.21537e-06     1.22481e-06
    1088     1.21557e-06     1.22499e-06
    1089     1.21722e-06     1.22663e-06
    1090     1.21565e-06     1.22504e-06
    1091     1.22023e-06     1.22961e-06
    1092     1.21949e-06     1.22885e-06
    1093     1.21818e-06     1.22753e-06
    1094     1.22457e-06     1.23391e-06
    1095     1.22376e-06     1.23308e-06
    1096     1.22669e-06     1.23600e-06
    1097     1.22717e-06     1.23646e-06
    1098     1.22663e-06     1.23591e-06
    1099     1.22813e-06     1.23739e-06
    1100     1.23166e-06     1.24091e-06
    1101     1.22901e-06     1.23824e-06
    1102     1.22900e-06     1.23822e-06
    1103     1.23534e-06     1.24455e-06
    1104     1.23815e-06     1.24734e-06
    1105     1.23341e-06     1.24259e-06
    1106     1.23542e-06     1.24459e-06
    1107     1.23713e-06     1.24628e-06
    1108     1.24036e-06     1.24950e-06
    1109     1.24048e-06     1.24960e-06
    1110     1.24272e-06     1.25183e-06
    1111     1.24045e-06     1.24955e-06
    1112     1.24458e-06     1.25367e-06
    1113     1.24861e-06     1.25768e-06
    1114     1.24316e-06     1.25221e-06
    1115     1.24517e-06     1.25421e-06
    1116     1.24706e-06     1.25608e-06
    1117     1.24993e-06     1.25894e-06
    1118     1.25181e-06     1.26081e-06
    1119     1.25495e-06     1.26394e-06
    1120     1.25504e-06     1.26401e-06
    1121     1.25714e-06     1.26610e-06
    1122     1.25837e-06     1.26732e-06
    1123     1.25948e-06     1.26841e-06
    1124     1.26084e-06     1.26976e-06
    1125     1.25984e-06     1.26875e-06
    1126     1.26429e-06     1.27318e-06
    1127     1.26701e-06     1.27588e-06
    1128     1.26753e-06     1.27639e-06
    1129     1.26499e-06     1.27384e-06
    1130     1.27305e-06     1.28189e-06
    1131     1.27125e-06     1.28008e-06
    1132     1.27058e-06     1.27939e-06
    1133     1.27175e-06     1.28055e-06
    1134     1.27524e-06     1.28403e-06
    1135     1.27643e-06     1.28520e-06
    1136     1.27798e-06     1.28674e-06
    1137     1.28091e-06     1.28965e-06
    1138     1.28430e-06     1.29303e-06
    1139     1.28363e-06     1.29235e-06
    1140     1.28626e-06     1.29496e-06
    1141     1.28588e-06     1.29457e-06
    1142     1.28880e-06     1.29748e-06
    1143     1.29061e-06     1.29927e-06
    1144     1.28666e-06     1.29531e-06
    1145     1.29133e-06     1.29997e-06
    1146     1.29353e-06     1.30216e-06
    1147     1.29272e-06     1.30134e-06
    1148     1.29690e-06     1.30550e-06
    1149     1.29802e-06     1.30660e-06
    1150     1.29880e-06     1.30738e-06
    1151     1.30223e-06     1.31079e-06
    1152     1.29858e-06     1.30713e-06
    1153     1.30585e-06     1.31439e-06
    1154     1.30750e-06     1.31603e-06
    1155     1.30958e-06     1.31809e-06
    1156     1.31056e-06     1.31905e-06
    1157     1.30995e-06     1.31843e-06
    1158     1.31283e-06     1.32130e-06
    1159     1.31300e-06     1.32146e-06
    1160     1.32019e-06     1.32864e-06
    1161     1.31958e-06     1.32802e-06
    1162     1.31902e-06     1.32744e-06
    1163     1.32534e-06     1.33375e-06
    1164     1.32222e-06     1.33062e-06
    1165     1.32762e-06     1.33601e-06
    1166     1.33046e-06     1.33883e-06
    1167     1.33097e-06     1.33933e-06
    1168     1.33343e-06     1.34178e-06
    1169     1.33678e-06     1.34512e-06
    1170     1.33407e-06     1.34239e-06
    1171     1.34104e-06     1.34935e-06
    1172     1.33876e-06     1.34706e-06
    1173     1.34254e-06     1.35083e-06
    1174     1.34287e-06     1.35114e-06
    1175     1.34377e-06     1.35203e-06
    1176     1.34850e-06     1.35675e-06
    1177     1.35055e-06     1.35879e-06
    1178     1.35152e-06     1.35974e-06
    1179     1.35335e-06     1.36156e-06
    1180     1.35703e-06     1.36523e-06
    1181     1.35941e-06     1.36760e-06
    1182     1.36043e-06     1.36861e-06
    1183     1.36461e-06     1.37278e-06
    1184     1.36875e-06     1.37691e-06
    1185     1.36844e-06     1.37658e-06
    1186     1.37179e-06     1.37992e-06
    1187     1.37243e-06     1.38055e-06
    1188     1.37403e-06     1.38214e-06
    1189     1.37887e-06     1.38697e-06
    1190     1.37680e-06     1.38488e-06
    1191     1.37866e-06     1.38673e-06
    1192     1.38132e-06     1.38938e-06
    1193     1.38185e-06     1.38989e-06
    1194     1.38995e-06     1.39798e-06
    1195     1.38961e-06     1.39763e-06
    1196     1.39102e-06     1.39903e-06
    1197     1.39196e-06     1.39996e-06
    1198     1.39567e-06     1.40366e-06
    1199     1.39926e-06     1.40724e-06
    1200     1.39908e-06     1.40704e-06
    1201     1.40170e-06     1.40965e-06
    1202     1.40537e-06     1.41331e-06
    1203     1.40875e-06     1.41668e-06
    1204     1.41076e-06     1.41868e-06
    1205     1.41057e-06     1.41847e-06
    1206     1.42025e-06     1.42814e-06
    1207     1.41734e-06     1.42522e-06
    1208     1.42091e-06     1.42878e-06
    1209     1.41823e-06     1.42609e-06
    1210     1.42443e-06     1.43228e-06
    1211     1.42491e-06     1.43275e-06
    1212     1.42749e-06     1.43532e-06
    1213     1.43070e-06     1.43852e-06
    1214     1.43314e-06     1.44095e-06
    1215     1.43426e-06     1.44205e-06
    1216     1.43973e-06     1.44751e-06
    1217     1.43996e-06     1.44773e-06
    1218     1.44577e-06     1.45353e-06
    1219     1.44691e-06     1.45466e-06
    1220     1.44729e-06     1.45502e-06
    1221     1.45084e-06     1.45856e-06
    1222     1.45130e-06     1.45902e-06
    1223     1.45373e-06     1.46143e-06
    1224     1.45698e-06     1.46467e-06
    1225     1.46251e-06     1.47019e-06
    1226     1.46419e-06     1.47186e-06
    1227     1.46774e-06     1.47540e-06
    1228     1.46948e-06     1.47712e-06
    1229     1.47290e-06     1.48053e-06
    1230     1.47588e-06     1.48350e-06
    1231     1.47442e-06     1.48204e-06
    1232     1.47820e-06     1.48581e-06
    1233     1.48056e-06     1.48816e-06
    1234     1.48389e-06     1.49147e-06
    1235     1.48531e-06     1.49288e-06
    1236     1.48653e-06     1.49409e-06
    1237     1.48800e-06     1.49555e-06
    1238     1.49618e-06     1.50371e-06
    1239     1.49510e-06     1.50263e-06
    1240     1.49857e-06     1.50608e-06
    1241     1.50427e-06     1.51177e-06
    1242     1.50384e-06     1.51134e-06
    1243     1.50752e-06     1.51500e-06
    1244     1.50969e-06     1.51716e-06
    1245     1.51435e-06     1.52181e-06
    1246     1.51748e-06     1.52493e-06
    1247     1.51390e-06     1.52135e-06
    1248     1.51899e-06     1.52642e-06
    1249     1.51866e-06     1.52608e-06
    1250     1.52205e-06     1.52946e-06
    1251     1.52706e-06     1.53446e-06
    1252     1.52940e-06     1.53679e-06
    1253     1.53131e-06     1.53869e-06
    1254     1.53192e-06     1.53929e-06
    1255     1.53561e-06     1.54296e-06
    1256     1.54129e-06     1.54864e-06
    1257     1.54295e-06     1.55029e-06
    1258     1.54670e-06     1.55402e-06
    1259     1.54625e-06     1.55356e-06
    1260     1.55035e-06     1.55765e-06
    1261     1.55360e-06     1.56089e-06
    1262     1.55461e-06     1.56189e-06
    1263     1.55656e-06     1.56383e-06
    1264     1.55866e-06     1.56593e-06
    1265     1.56497e-06     1.57222e-06
    1266     1.56662e-06     1.57386e-06
    1267     1.56756e-06     1.57479e-06
    1268     1.57077e-06     1.57799e-06
    1269     1.57422e-06     1.58143e-06
    1270     1.57253e-06     1.57973e-06
    1271     1.57893e-06     1.58612e-06
    1272     1.58127e-06     1.58845e-06
    1273     1.58166e-06     1.58883e-06
    1274     1.58091e-06     1.58807e-06
    1275     1.58749e-06     1.59464e-06
    1276     1.59174e-06     1.59888e-06
    1277     1.59219e-06     1.59932e-06
    1278     1.59643e-06     1.60355e-06
    1279     1.59765e-06     1.60476e-06
    1280     1.59897e-06     1.60607e-06
    1281     1.60136e-06     1.60845e-06
    1282     1.60350e-06     1.61058e-06
    1283     1.60988e-06     1.61695e-06
    1284     1.60876e-06     1.61582e-06
    1285     1.61301e-06     1.62006e-06
    1286     1.61901e-06     1.62605e-06
    1287     1.61921e-06     1.62623e-06
    1288     1.61879e-06     1.62581e-06
    1289     1.62489e-06     1.63190e-06
    1290     1.62813e-06     1.63513e-06
    1291     1.62796e-06     1.63495e-06
    1292     1.63345e-06     1.64043e-06
    1293     1.63665e-06     1.64362e-06
    1294     1.63782e-06     1.64478e-06
    1295     1.63805e-06     1.64500e-06
    1296     1.64153e-06     1.64846e-06
    1297     1.64273e-06     1.64966e-06
    1298     1.64302e-06     1.64994e-06
    1299     1.64936e-06     1.65627e-06
    1300     1.64887e-06     1.65577e-06
    1301     1.65273e-06     1.65962e-06
    1302     1.65239e-06     1.65927e-06
    1303     1.66034e-06     1.66722e-06
    1304     1.65861e-06     1.66547e-06
    1305     1.66442e-06     1.67127e-06
    1306     1.66302e-06     1.66986e-06
    1307     1.67142e-06     1.67825e-06
    1308     1.66956e-06     1.67638e-06
    1309     1.67263e-06     1.67944e-06
    1310     1.66991e-06     1.67671e-06
    1311     1.67683e-06     1.68362e-06
    1312     1.67872e-06     1.68550e-06
    1313     1.67895e-06     1.68573e-06
    1314     1.68427e-06     1.69103e-06
    1315     1.68727e-06     1.69403e-06
    1316     1.68685e-06     1.69359e-06
    1317     1.68768e-06     1.69441e-06
    1318     1.69112e-06     1.69784e-06
    1319     1.69018e-06     1.69690e-06
    1320     1.69842e-06     1.70513e-06
    1321     1.69895e-06     1.70565e-06
    1322     1.69952e-06     1.70621e-06
    1323     1.70042e-06     1.70710e-06
    1324     1.70271e-06     1.70938e-06
    1325     1.70686e-06     1.71352e-06
    1326     1.71365e-06     1.72030e-06
    1327     1.70944e-06     1.71608e-06
    1328     1.71674e-06     1.72337e-06
    1329     1.71683e-06     1.72346e-06
    1330     1.71711e-06     1.72373e-06
    1331     1.72210e-06     1.72871e-06
    1332     1.72032e-06     1.72691e-06
    1333     1.72582e-06     1.73241e-06
    1334     1.72899e-06     1.73557e-06
    1335     1.73104e-06     1.73761e-06
    1336     1.73106e-06     1.73762e-06
    1337     1.73404e-06     1.74059e-06
    1338     1.73238e-06     1.73892e-06
    1339     1.73823e-06     1.74476e-06
    1340     1.73676e-06     1.74328e-06
    1341     1.74265e-06     1.74916e-06
    1342     1.74148e-06     1.74798e-06
    1343     1.74548e-06     1.75197e-06
    1344     1.75018e-06     1.75667e-06
    1345     1.75154e-06     1.75801e-06
    1346     1.75471e-06     1.76117e-06
    1347     1.75981e-06     1.76626e-06
    1348     1.75700e-06     1.76345e-06
    1349     1.76469e-06     1.77113e-06
    1350     1.75818e-06     1.76461e-06
    1351     1.76132e-06     1.76774e-06
    1352     1.76528e-06     1.77169e-06
    1353     1.76787e-06     1.77427e-06
    1354     1.76985e-06     1.77624e-06
    1355     1.76900e-06     1.77539e-06
    1356     1.77274e-06     1.77912e-06
    1357     1.77373e-06     1.78010e-06
    1358     1.77738e-06     1.78374e-06
    1359     1.77696e-06     1.78331e-06
    1360     1.78073e-06     1.78707e-06
    1361     1.78480e-06     1.79113e-06
    1362     1.78455e-06     1.79087e-06
    1363     1.78762e-06     1.79393e-06
    1364     1.78824e-06     1.79454e-06
    1365     1.79107e-06     1.79736e-06
    1366     1.79061e-06     1.79690e-06
    1367     1.79230e-06     1.79858e-06
    1368     1.79829e-06     1.80456e-06
    1369     1.79428e-06     1.80054e-06
    1370     1.80131e-06     1.80756e-06
    1371     1.79925e-06     1.80550e-06
    1372     1.80681e-06     1.81304e-06
    1373     1.80347e-06     1.80970e-06
    1374     1.81119e-06     1.81740e-06
    1375     1.80913e-06     1.81534e-06
    1376     1.81302e-06     1.81922e-06
    1377     1.81576e-06     1.82195e-06
    1378     1.81692e-06     1.82310e-06
    1379     1.82254e-06     1.82871e-06
    1380     1.82074e-06     1.82691e-06
    1381     1.81946e-06     1.82562e-06
    1382     1.82409e-06     1.83024e-06
    1383     1.82583e-06     1.83197e-06
    1384     1.83136e-06     1.83749e-06
    1385     1.82815e-06     1.83427e-06
    1386     1.83071e-06     1.83682e-06
    1387     1.83202e-06     1.83812e-06
    1388     1.83440e-06     1.84050e-06
    1389     1.83393e-06     1.84002e-06
    1390     1.83669e-06     1.84277e-06
    1391     1.84035e-06     1.84642e-06
    1392     1.83961e-06     1.84567e-06
    1393     1.84038e-06     1.84643e-06
    1394     1.84504e-06     1.85108e-06
    1395     1.84584e-06     1.85187e-06
    1396     1.84982e-06     1.85585e-06
    1397     1.84969e-06     1.85570e-06
    1398     1.85338e-06     1.85939e-06
    1399     1.85540e-06     1.86140e-06
    1400     1.85531e-06     1.86130e-06
    1401     1.86020e-06     1.86618e-06
    1402     1.85987e-06     1.86584e-06
    1403     1.86079e-06     1.86676e-06
    1404     1.86002e-06     1.86598e-06
    1405     1.86536e-06     1.87131e-06
    1406     1.86441e-06     1.87035e-06
    1407     1.86970e-06     1.87563e-06
    1408     1.87531e-06     1.88124e-06
    1409     1.87593e-06     1.88185e-06
    1410     1.87873e-06     1.88464e-06
    1411     1.87865e-06     1.88455e-06
    1412     1.87519e-06     1.88108e-06
    1413     1.88333e-06     1.88921e-06
    1414     1.88188e-06     1.88776e-06
    1415     1.88416e-06     1.89003e-06
    1416     1.88795e-06     1.89381e-06
    1417     1.88785e-06     1.89370e-06
    1418     1.88777e-06     1.89362e-06
    1419     1.89542e-06     1.90126e-06
    1420     1.88978e-06     1.89561e-06
    1421     1.89788e-06     1.90370e-06
    1422     1.89737e-06     1.90318e-06
    1423     1.89825e-06     1.90405e-06
    1424     1.90046e-06     1.90626e-06
    1425     1.90110e-06     1.90688e-06
    1426     1.90713e-06     1.91290e-06
    1427     1.90962e-06     1.91539e-06
    1428     1.91058e-06     1.91634e-06
    1429     1.90997e-06     1.91573e-06
    1430     1.91627e-06     1.92202e-06
    1431     1.91295e-06     1.91869e-06
    1432     1.91794e-06     1.92366e-06
    1433     1.91428e-06     1.92000e-06
    1434     1.91743e-06     1.92314e-06
    1435     1.91851e-06     1.92422e-06
    1436     1.92348e-06     1.92917e-06
    1437     1.92465e-06     1.93033e-06
    1438     1.93436e-06     1.94004e-06
    1439     1.93074e-06     1.93641e-06
    1440     1.93450e-06     1.94016e-06
    1441     1.93414e-06     1.93980e-06
    1442     1.93517e-06     1.94082e-06
    1443     1.93715e-06     1.94279e-06
    1444     1.93919e-06     1.94482e-06
    1445     1.94227e-06     1.94790e-06
    1446     1.94067e-06     1.94629e-06
    1447     1.94688e-06     1.95249e-06
    1448     1.94776e-06     1.95336e-06
    1449     1.95395e-06     1.95954e-06
    1450     1.95106e-06     1.95664e-06
    1451     1.95269e-06     1.95826e-06
    1452     1.95960e-06     1.96517e-06
    1453     1.95976e-06     1.96532e-06
    1454     1.96229e-06     1.96784e-06
    1455     1.96496e-06     1.97050e-06
    1456     1.96824e-06     1.97378e-06
    1457     1.97284e-06     1.97837e-06
    1458     1.96931e-06     1.97483e-06
    1459     1.97256e-06     1.97807e-06
    1460     1.97538e-06     1.98088e-06
    1461     1.98255e-06     1.98805e-06
    1462     1.97923e-06     1.98472e-06
    1463     1.97786e-06     1.98334e-06
    1464     1.98414e-06     1.98962e-06
    1465     1.98620e-06     1.99167e-06
    1466     1.99010e-06     1.99556e-06
    1467     1.99269e-06     1.99813e-06
    1468     1.99405e-06     1.99949e-06
    1469     1.99368e-06     1.99911e-06
    1470     2.00130e-06     2.00673e-06
    1471     1.99665e-06     2.00206e-06
    1472     2.00573e-06     2.01114e-06
    1473     2.00270e-06     2.00810e-06
    1474     2.01043e-06     2.01582e-06
    1475     2.01109e-06     2.01648e-06
    1476     2.00899e-06     2.01437e-06
    1477     2.01317e-06     2.01854e-06
    1478     2.01643e-06     2.02179e-06
    1479     2.01675e-06     2.02211e-06
    1480     2.02187e-06     2.02722e-06
    1481     2.02516e-06     2.03050e-06
    1482     2.02867e-06     2.03400e-06
    1483     2.02724e-06     2.03256e-06
    1484     2.03282e-06     2.03814e-06
    1485     2.03195e-06     2.03726e-06
    1486     2.03672e-06     2.04202e-06
    1487     2.03867e-06     2.04397e-06
    1488     2.03777e-06     2.04306e-06
    1489     2.04188e-06     2.04716e-06
    1490     2.04352e-06     2.04879e-06
    1491     2.04612e-06     2.05138e-06
    1492     2.04995e-06     2.05521e-06
    1493     2.04865e-06     2.05390e-06
    1494     2.05167e-06     2.05691e-06
    1495     2.05785e-06     2.06308e-06
    1496     2.05517e-06     2.06039e-06
    1497     2.06259e-06     2.06781e-06
    1498     2.06224e-06     2.06745e-06
    1499     2.07197e-06     2.07717e-06
    1500     2.06972e-06     2.07492e-06
    1501     2.07182e-06     2.07700e-06
    1502     2.07404e-06     2.07922e-06
    1503     2.07951e-06     2.08469e-06
    1504     2.07749e-06     2.08266e-06
    1505     2.08270e-06     2.08786e-06
    1506     2.08444e-06     2.08959e-06
    1507     2.08398e-06     2.08913e-06
    1508     2.08756e-06     2.09269e-06
    1509     2.09051e-06     2.09564e-06
    1510     2.09152e-06     2.09664e-06
    1511     2.09313e-06     2.09824e-06
    1512     2.10384e-06     2.10894e-06
    1513     2.09475e-06     2.09985e-06
    1514     2.10651e-06     2.11160e-06
    1515     2.10774e-06     2.11283e-06
    1516     2.10449e-06     2.10957e-06
    1517     2.11507e-06     2.12014e-06
    1518     2.11417e-06     2.11923e-06
    1519     2.11704e-06     2.12210e-06
    1520     2.11818e-06     2.12323e-06
    1521     2.12337e-06     2.12841e-06
    1522     2.11694e-06     2.12197e-06
    1523     2.12299e-06     2.12802e-06
    1524     2.13124e-06     2.13625e-06
    1525     2.12900e-06     2.13400e-06
    1526     2.13031e-06     2.13531e-06
    1527     2.13592e-06     2.14092e-06
    1528     2.13730e-06     2.14229e-06
    1529     2.13950e-06     2.14448e-06
    1530     2.14013e-06     2.14510e-06
    1531     2.14444e-06     2.14941e-06
    1532     2.14805e-06     2.15301e-06
    1533     2.14978e-06     2.15473e-06
    1534     2.15020e-06     2.15514e-06
    1535     2.15600e-06     2.16094e-06
    1536     2.15096e-06     2.15589e-06
    1537     2.16319e-06     2.16812e-06
    1538     2.15679e-06     2.16171e-06
    1539     2.16764e-06     2.17255e-06
    1540     2.16765e-06     2.17255e-06
    1541     2.16773e-06     2.17262e-06
    1542     2.16914e-06     2.17403e-06
    1543     2.16987e-06     2.17475e-06
    1544     2.17383e-06     2.17870e-06
    1545     2.17758e-06     2.18244e-06
    1546     2.17435e-06     2.17921e-06
    1547     2.18231e-06     2.18716e-06
    1548     2.18739e-06     2.19223e-06
    1549     2.18915e-06     2.19399e-06
    1550     2.19244e-06     2.19727e-06
    1551     2.19240e-06     2.19722e-06
    1552     2.19159e-06     2.19641e-06
    1553     2.19324e-06     2.19805e-06
    1554     2.19822e-06     2.20302e-06
    1555     2.20337e-06     2.20816e-06
    1556     2.19780e-06     2.20259e-06
    1557     2.20879e-06     2.21357e-06
    1558     2.20693e-06     2.21170e-06
    1559     2.21131e-06     2.21608e-06
    1560     2.21394e-06     2.21869e-06
    1561     2.21385e-06     2.21859e-06
    1562     2.21527e-06     2.22001e-06
    1563     2.21837e-06     2.22311e-06
    1564     2.22422e-06     2.22895e-06
    1565     2.22187e-06     2.22659e-06
    1566     2.22174e-06     2.22645e-06
    1567     2.22763e-06     2.23234e-06
    1568     2.22597e-06     2.23067e-06
    1569     2.23048e-06     2.23517e-06
    1570     2.23082e-06     2.23550e-06
    1571     2.23479e-06     2.23946e-06
    1572     2.23828e-06     2.24295e-06
    1573     2.23902e-06     2.24368e-06
    1574     2.23907e-06     2.24372e-06
    1575     2.24232e-06     2.24697e-06
    1576     2.24229e-06     2.24693e-06
    1577     2.24724e-06     2.25188e-06
    1578     2.24514e-06     2.24977e-06
    1579     2.25118e-06     2.25581e-06
    1580     2.25214e-06     2.25676e-06
    1581     2.25455e-06     2.25915e-06
    1582     2.25697e-06     2.26158e-06
    1583     2.25442e-06     2.25902e-06
    1584     2.25667e-06     2.26126e-06
    1585     2.26145e-06     2.26603e-06
    1586     2.26331e-06     2.26788e-06
    1587     2.26080e-06     2.26537e-06
    1588     2.26657e-06     2.27113e-06
    1589     2.25790e-06     2.26246e-06
    1590     2.27202e-06     2.27656e-06
    1591     2.27161e-06     2.27615e-06
    1592     2.27003e-06     2.27456e-06
    1593     2.27700e-06     2.28153e-06
    1594     2.27582e-06     2.28034e-06
    1595     2.27685e-06     2.28136e-06
    1596     2.28352e-06     2.28802e-06
    1597     2.28086e-06     2.28536e-06
    1598     2.28155e-06     2.28605e-06
    1599     2.28400e-06     2.28849e-06
    1600     2.28030e-06     2.28478e-06
    1601     2.28493e-06     2.28940e-06
    1602     2.28895e-06     2.29341e-06
    1603     2.28712e-06     2.29158e-06
    1604     2.29060e-06     2.29505e-06
    1605     2.29161e-06     2.29606e-06
    1606     2.29127e-06     2.29571e-06
    1607     2.29457e-06     2.29900e-06
    1608     2.29714e-06     2.30157e-06
    1609     2.29445e-06     2.29887e-06
    1610     2.29622e-06     2.30063e-06
    1611     2.29980e-06     2.30420e-06
    1612     2.29409e-06     2.29849e-06
    1613     2.29640e-06     2.30079e-06
    1614     2.29609e-06     2.30048e-06
    1615     2.29643e-06     2.30080e-06
    1616     2.30111e-06     2.30548e-06
    1617     2.30641e-06     2.31078e-06
    1618     2.30151e-06     2.30586e-06
    1619     2.30042e-06     2.30477e-06
    1620     2.30798e-06     2.31232e-06
    1621     2.30191e-06     2.30624e-06
    1622     2.31001e-06     2.31434e-06
    1623     2.30862e-06     2.31294e-06
    1624     2.30908e-06     2.31339e-06
    1625     2.30897e-06     2.31327e-06
    1626     2.31000e-06     2.31430e-06
    1627     2.31580e-06     2.32010e-06
    1628     2.31262e-06     2.31691e-06
    1629     2.31663e-06     2.32091e-06
    1630     2.31292e-06     2.31720e-06
    1631     2.31658e-06     2.32085e-06
    1632     2.31526e-06     2.31952e-06
    1633     2.31881e-06     2.32306e-06
    1634     2.31535e-06     2.31959e-06
    1635     2.31841e-06     2.32265e-06
    1636     2.31826e-06     2.32249e-06
    1637     2.31706e-06     2.32129e-06
    1638     2.32216e-06     2.32639e-06
    1639     2.31966e-06     2.32388e-06
    1640     2.31826e-06     2.32247e-06
    1641     2.32483e-06     2.32903e-06
    1642     2.31998e-06     2.32417e-06
    1643     2.31909e-06     2.32328e-06
    1644     2.31503e-06     2.31921e-06
    1645     2.32526e-06     2.32944e-06
    1646     2.32371e-06     2.32787e-06
    1647     2.32608e-06     2.33025e-06
    1648     2.32485e-06     2.32900e-06
    1649     2.32148e-06     2.32563e-06
    1650     2.32700e-06     2.33114e-06
    1651     2.32226e-06     2.32639e-06
    1652     2.32012e-06     2.32425e-06
    1653     2.32338e-06     2.32751e-06
    1654     2.32125e-06     2.32537e-06
    1655     2.32579e-06     2.32990e-06
    1656     2.32374e-06     2.32785e-06
    1657     2.32188e-06     2.32598e-06
    1658     2.32444e-06     2.32853e-06
    1659     2.32003e-06     2.32411e-06
    1660     2.32216e-06     2.32624e-06
    1661     2.32057e-06     2.32464e-06
    1662     2.32158e-06     2.32565e-06
    1663     2.32224e-06     2.32630e-06
    1664     2.32620e-06     2.33025e-06
    1665     2.31904e-06     2.32309e-06
    1666     2.32892e-06     2.33296e-06
    1667     2.31870e-06     2.32274e-06
    1668     2.32850e-06     2.33252e-06
    1669     2.32154e-06     2.32555e-06
    1670     2.32534e-06     2.32936e-06
    1671     2.32831e-06     2.33232e-06
    1672     2.32593e-06     2.32993e-06
    1673     2.32269e-06     2.32669e-06
    1674     2.32845e-06     2.33243e-06
    1675     2.32876e-06     2.33274e-06
    1676     2.32141e-06     2.32538e-06
    1677     2.32446e-06     2.32843e-06
    1678     2.32731e-06     2.33127e-06
    1679     2.32359e-06     2.32755e-06
    1680     2.32281e-06     2.32676e-06
    1681     2.32331e-06     2.32725e-06
    1682     2.32340e-06     2.32733e-06
    1683     2.32488e-06     2.32881e-06
    1684     2.32745e-06     2.33137e-06
    1685     2.32506e-06     2.32898e-06
    1686     2.32385e-06     2.32776e-06
    1687     2.32647e-06     2.33037e-06
    1688     2.32015e-06     2.32404e-06
    1689     2.31830e-06     2.32219e-06
    1690     2.32083e-06     2.32471e-06
    1691     2.32249e-06     2.32637e-06
    1692     2.31884e-06     2.32272e-06
    1693     2.32089e-06     2.32475e-06
    1694     2.32412e-06     2.32798e-06
    1695     2.31536e-06     2.31922e-06
    1696     2.32113e-06     2.32497e-06
    1697     2.32365e-06     2.32749e-06
    1698     2.31822e-06     2.32206e-06
    1699     2.31863e-06     2.32245e-06
    1700     2.31896e-06     2.32278e-06
    1701     2.31881e-06     2.32263e-06
    1702     2.31792e-06     2.32173e-06
    1703     2.31922e-06     2.32302e-06
    1704     2.31998e-06     2.32377e-06
    1705     2.32142e-06     2.32521e-06
    1706     2.31807e-06     2.32185e-06
    1707     2.32460e-06     2.32838e-06
    1708     2.31870e-06     2.32247e-06
    1709     2.31826e-06     2.32202e-06
    1710     2.32092e-06     2.32468e-06
    1711     2.31933e-06     2.32308e-06
    1712     2.31751e-06     2.32125e-06
    1713     2.32033e-06     2.32406e-06
    1714     2.31577e-06     2.31951e-06
    1715     2.31732e-06     2.32104e-06
    1716     2.31707e-06     2.32079e-06
    1717     2.31771e-06     2.32142e-06
    1718     2.31536e-06     2.31907e-06
    1719     2.31557e-06     2.31927e-06
    1720     2.31312e-06     2.31682e-06
    1721     2.31843e-06     2.32212e-06
    1722     2.31373e-06     2.31742e-06
    1723     2.31011e-06     2.31378e-06
    1724     2.31203e-06     2.31571e-06
    1725     2.31429e-06     2.31795e-06
    1726     2.31767e-06     2.32132e-06
    1727     2.31392e-06     2.31757e-06
    1728     2.31553e-06     2.31918e-06
    1729     2.31557e-06     2.31921e-06
    1730     2.31387e-06     2.31750e-06
    1731     2.31316e-06     2.31679e-06
    1732     2.30748e-06     2.31110e-06
    1733     2.31467e-06     2.31829e-06
    1734     2.30848e-06     2.31209e-06
    1735     2.31107e-06     2.31467e-06
    1736     2.31105e-06     2.31464e-06
    1737     2.31324e-06     2.31683e-06
    1738     2.31292e-06     2.31650e-06
    1739     2.30892e-06     2.31250e-06
    1740     2.31136e-06     2.31493e-06
    1741     2.30793e-06     2.31149e-06
    1742     2.30996e-06     2.31352e-06
    1743     2.31153e-06     2.31509e-06
    1744     2.31154e-06     2.31509e-06
    1745     2.31332e-06     2.31686e-06
    1746     2.31474e-06     2.31827e-06
    1747     2.30563e-06     2.30916e-06
    1748     2.31235e-06     2.31588e-06
    1749     2.31256e-06     2.31607e-06
    1750     2.31557e-06     2.31908e-06
    1751     2.31010e-06     2.31361e-06
    1752     2.31518e-06     2.31867e-06
    1753     2.31407e-06     2.31756e-06
    1754     2.31207e-06     2.31556e-06
    1755     2.31358e-06     2.31706e-06
    1756     2.31280e-06     2.31627e-06
    1757     2.30934e-06     2.31281e-06
    1758     2.31105e-06     2.31451e-06
    1759     2.31359e-06     2.31705e-06
    1760     2.30756e-06     2.31101e-06
    1761     2.31253e-06     2.31597e-06
    1762     2.31042e-06     2.31386e-06
    1763     2.31806e-06     2.32149e-06
    1764     2.30768e-06     2.31111e-06
    1765     2.31802e-06     2.32144e-06
    1766     2.31617e-06     2.31958e-06
    1767     2.31023e-06     2.31364e-06
    1768     2.31105e-06     2.31445e-06
    1769     2.31266e-06     2.31605e-06
    1770     2.31420e-06     2.31759e-06
    1771     2.31665e-06     2.32003e-06
    1772     2.31547e-06     2.31884e-06
    1773     2.31238e-06     2.31575e-06
    1774     2.31538e-06     2.31875e-06
    1775     2.31093e-06     2.31429e-06
    1776     2.31402e-06     2.31737e-06
    1777     2.31508e-06     2.31842e-06
    1778     2.31255e-06     2.31589e-06
    1779     2.31700e-06     2.32034e-06
    1780     2.31069e-06     2.31402e-06
    1781     2.31503e-06     2.31835e-06
    1782     2.31439e-06     2.31771e-06
    1783     2.31712e-06     2.32044e-06
    1784     2.31619e-06     2.31950e-06
    1785     2.32105e-06     2.32435e-06
    1786     2.31524e-06     2.31854e-06
    1787     2.32054e-06     2.32382e-06
    1788     2.31403e-06     2.31731e-06
    1789     2.31976e-06     2.32304e-06
    1790     2.32118e-06     2.32445e-06
    1791     2.31435e-06     2.31761e-06
    1792     2.31645e-06     2.31971e-06
    1793     2.32015e-06     2.32341e-06
    1794     2.31489e-06     2.31813e-06
    1795     2.32359e-06     2.32684e-06
    1796     2.31914e-06     2.32238e-06
    1797     2.31927e-06     2.32250e-06
    1798     2.31873e-06     2.32195e-06
    1799     2.32419e-06     2.32741e-06
    1800     2.31612e-06     2.31934e-06
    1801     2.31931e-06     2.32252e-06
    1802     2.32342e-06     2.32662e-06
    1803     2.32346e-06     2.32666e-06
    1804     2.32049e-06     2.32368e-06
    1805     2.32413e-06     2.32731e-06
    1806     2.32435e-06     2.32752e-06
    1807     2.32517e-06     2.32834e-06
    1808     2.32039e-06     2.32356e-06
    1809     2.31776e-06     2.32092e-06
    1810     2.32288e-06     2.32604e-06
    1811     2.32554e-06     2.32869e-06
    1812     2.32195e-06     2.32509e-06
    1813     2.32311e-06     2.32624e-06
    1814     2.32499e-06     2.32812e-06
    1815     2.32275e-06     2.32587e-06
    1816     2.32249e-06     2.32561e-06
    1817     2.32770e-06     2.33081e-06
    1818     2.32703e-06     2.33013e-06
    1819     2.32945e-06     2.33255e-06
    1820     2.32377e-06     2.32687e-06
    1821     2.32514e-06     2.32823e-06
    1822     2.32752e-06     2.33061e-06
    1823     2.32763e-06     2.33071e-06
    1824     2.32442e-06     2.32750e-06
    1825     2.33268e-06     2.33575e-06
    1826     2.32894e-06     2.33200e-06
    1827     2.32409e-06     2.32715e-06
    1828     2.32777e-06     2.33082e-06
    1829     2.32524e-06     2.32828e-06
    1830     2.32759e-06     2.33063e-06
    1831     2.32729e-06     2.33033e-06
    1832     2.33417e-06     2.33720e-06
    1833     2.32894e-06     2.33196e-06
    1834     2.33282e-06     2.33583e-06
    1835     2.33006e-06     2.33307e-06
    1836     2.33227e-06     2.33527e-06
    1837     2.32897e-06     2.33196e-06
    1838     2.32638e-06     2.32937e-06
    1839     2.33181e-06     2.33479e-06
    1840     2.32425e-06     2.32723e-06
    1841     2.32806e-06     2.33103e-06
    1842     2.32533e-06     2.32830e-06
    1843     2.33454e-06     2.33751e-06
    1844     2.32944e-06     2.33240e-06
    1845     2.33260e-06     2.33555e-06
    1846     2.32698e-06     2.32992e-06
    1847     2.33085e-06     2.33379e-06
    1848     2.33063e-06     2.33356e-06
    1849     2.33135e-06     2.33428e-06
    1850     2.33188e-06     2.33480e-06
    1851     2.33242e-06     2.33534e-06
    1852     2.33187e-06     2.33479e-06
    1853     2.32441e-06     2.32732e-06
    1854     2.33159e-06     2.33449e-06
    1855     2.33174e-06     2.33463e-06
    1856     2.32890e-06     2.33179e-06
    1857     2.33160e-06     2.33448e-06
    1858     2.33066e-06     2.33354e-06
    1859     2.33118e-06     2.33406e-06
    1860     2.33107e-06     2.33393e-06
    1861     2.32931e-06     2.33218e-06
    1862     2.33015e-06     2.33301e-06
    1863     2.32731e-06     2.33016e-06
    1864     2.32997e-06     2.33282e-06
    1865     2.32977e-06     2.33261e-06
    1866     2.33105e-06     2.33389e-06
    1867     2.32838e-06     2.33121e-06
    1868     2.33056e-06     2.33338e-06
    1869     2.33183e-06     2.33465e-06
    1870     2.32756e-06     2.33038e-06
    1871     2.32615e-06     2.32895e-06
    1872     2.32639e-06     2.32919e-06
    1873     2.32285e-06     2.32565e-06
    1874     2.32703e-06     2.32982e-06
    1875     2.32718e-06     2.32997e-06
    1876     2.32518e-06     2.32796e-06
    1877     2.32197e-06     2.32474e-06
    1878     2.32044e-06     2.32320e-06
    1879     2.32249e-06     2.32525e-06
    1880     2.32164e-06     2.32440e-06
    1881     2.31812e-06     2.32087e-06
    1882     2.31865e-06     2.32139e-06
    1883     2.31626e-06     2.31900e-06
    1884     2.31651e-06     2.31924e-06
    1885     2.31448e-06     2.31721e-06
    1886     2.31764e-06     2.32036e-06
    1887     2.31617e-06     2.31888e-06
    1888     2.31607e-06     2.31878e-06
    1889     2.31592e-06     2.31863e-06
    1890     2.31284e-06     2.31554e-06
    1891     2.30492e-06     2.30762e-06
    1892     2.31076e-06     2.31345e-06
    1893     2.31201e-06     2.31470e-06
    1894     2.30995e-06     2.31262e-06
    1895     2.30873e-06     2.31140e-06
    1896     2.30244e-06     2.30510e-06
    1897     2.30394e-06     2.30660e-06
    1898     2.30396e-06     2.30662e-06
    1899     2.30196e-06     2.30461e-06
    1900     2.30266e-06     2.30531e-06
    1901     2.30219e-06     2.30483e-06
    1902     2.29483e-06     2.29747e-06
    1903     2.29563e-06     2.29826e-06
    1904     2.29433e-06     2.29696e-06
    1905     2.28998e-06     2.29260e-06
    1906     2.29047e-06     2.29308e-06
    1907     2.28933e-06     2.29194e-06
    1908     2.28897e-06     2.29157e-06
    1909     2.28769e-06     2.29029e-06
    1910     2.28548e-06     2.28807e-06
    1911     2.28368e-06     2.28626e-06
    1912     2.27488e-06     2.27746e-06
    1913     2.28012e-06     2.28269e-06
    1914     2.28050e-06     2.28307e-06
    1915     2.27791e-06     2.28047e-06
    1916     2.27234e-06     2.27490e-06
    1917     2.27171e-06     2.27427e-06
    1918     2.26973e-06     2.27228e-06
    1919     2.26860e-06     2.27114e-06
    1920     2.26419e-06     2.26673e-06
    1921     2.26267e-06     2.26520e-06
    1922     2.26339e-06     2.26591e-06
    1923     2.26237e-06     2.26489e-06
    1924     2.25845e-06     2.26096e-06
    1925     2.25840e-06     2.26091e-06
    1926     2.25069e-06     2.25320e-06
    1927     2.25552e-06     2.25802e-06
    1928     2.25052e-06     2.25302e-06
    1929     2.24113e-06     2.24362e-06
    1930     2.24300e-06     2.24549e-06
    1931     2.24151e-06     2.24398e-06
    1932     2.23497e-06     2.23744e-06
    1933     2.23459e-06     2.23706e-06
    1934     2.23546e-06     2.23792e-06
    1935     2.23090e-06     2.23335e-06
    1936     2.22857e-06     2.23102e-06
    1937     2.22587e-06     2.22832e-06
    1938     2.22121e-06     2.22365e-06
    1939     2.22002e-06     2.22246e-06
    1940     2.21700e-06     2.21943e-06
    1941     2.21502e-06     2.21744e-06
    1942     2.21679e-06     2.21921e-06
    1943     2.20824e-06     2.21065e-06
    1944     2.21064e-06     2.21304e-06
    1945     2.20311e-06     2.20551e-06
    1946     2.20540e-06     2.20780e-06
    1947     2.19770e-06     2.20010e-06
    1948     2.19991e-06     2.20229e-06
    1949     2.19214e-06     2.19453e-06
    1950     2.18939e-06     2.19177e-06
    1951     2.18600e-06     2.18837e-06
    1952     2.18043e-06     2.18279e-06
    1953     2.17660e-06     2.17896e-06
    1954     2.17827e-06     2.18063e-06
    1955     2.17704e-06     2.17939e-06
    1956     2.17381e-06     2.17616e-06
    1957     2.16799e-06     2.17033e-06
    1958     2.16675e-06     2.16908e-06
    1959     2.15576e-06     2.15809e-06
    1960     2.15555e-06     2.15787e-06
    1961     2.15198e-06     2.15430e-06
    1962     2.14821e-06     2.15052e-06
    1963     2.14232e-06     2.14463e-06
    1964     2.14565e-06     2.14795e-06
    1965     2.13574e-06     2.13804e-06
    1966     2.13423e-06     2.13653e-06
    1967     2.12781e-06     2.13009e-06
    1968     2.12847e-06     2.13075e-06
    1969     2.11765e-06     2.11992e-06
    1970     2.12120e-06     2.12347e-06
    1971     2.11155e-06     2.11382e-06
    1972     2.11248e-06     2.11475e-06
    1973     2.10861e-06     2.11086e-06
    1974     2.10530e-06     2.10755e-06
    1975     2.09795e-06     2.10019e-06
    1976     2.09558e-06     2.09782e-06
    1977     2.09197e-06     2.09420e-06
    1978     2.08747e-06     2.08970e-06
    1979     2.08399e-06     2.08621e-06
    1980     2.07732e-06     2.07954e-06
    1981     2.07314e-06     2.07536e-06
    1982     2.06959e-06     2.07180e-06
    1983     2.06744e-06     2.06964e-06
    1984     2.05744e-06     2.05964e-06
    1985     2.05602e-06     2.05821e-06
    1986     2.05243e-06     2.05462e-06
    1987     2.05406e-06     2.05624e-06
    1988     2.04197e-06     2.04415e-06
    1989     2.04088e-06     2.04305e-06
    1990     2.03369e-06     2.03586e-06
    1991     2.03340e-06     2.03556e-06
    1992     2.02874e-06     2.03090e-06
    1993     2.02529e-06     2.02744e-06
    1994     2.01574e-06     2.01789e-06
    1995     2.01721e-06     2.01935e-06
    1996     2.00763e-06     2.00977e-06
    1997     2.00778e-06     2.00992e-06
    1998     2.00007e-06     2.00220e-06
    1999     1.99686e-06     1.99898e-06
    2000     1.99047e-06     1.99259e-06
    2001     1.98559e-06     1.98771e-06
    2002     1.98256e-06     1.98467e-06
    2003     1.98058e-06     1.98268e-06
    2004     1.97249e-06     1.97459e-06
    2005     1.96626e-06     1.96835e-06
    2006     1.96760e-06     1.96969e-06
    2007     1.95989e-06     1.96197e-06
    2008     1.95210e-06     1.95418e-06
    2009     1.95193e-06     1.95400e-06
    2010     1.94447e-06     1.94654e-06
    2011     1.94160e-06     1.94366e-06
    2012     1.93583e-06     1.93788e-06
    2013     1.93270e-06     1.93476e-06
    2014     1.92760e-06     1.92965e-06
    2015     1.92238e-06     1.92442e-06
    2016     1.91511e-06     1.91715e-06
    2017     1.91322e-06     1.91525e-06
    2018     1.90662e-06     1.90865e-06
    2019     1.90165e-06     1.90367e-06
    2020     1.89670e-06     1.89872e-06
    2021     1.89661e-06     1.89862e-06
    2022     1.88676e-06     1.88877e-06
    2023     1.88297e-06     1.88498e-06
    2024     1.87458e-06     1.87658e-06
    2025     1.87159e-06     1.87358e-06
    2026     1.86503e-06     1.86702e-06
    2027     1.86120e-06     1.86318e-06
    2028     1.85365e-06     1.85563e-06
    2029     1.84837e-06     1.85035e-06
    2030     1.84279e-06     1.84476e-06
    2031     1.84096e-06     1.84293e-06
    2032     1.83327e-06     1.83523e-06
    2033     1.82707e-06     1.82903e-06
    2034     1.81924e-06     1.82119e-06
    2035     1.80914e-06     1.81108e-06
    2036     1.80731e-06     1.80925e-06
    2037     1.79609e-06     1.79803e-06
    2038     1.79009e-06     1.79202e-06
    2039     1.78377e-06     1.78570e-06
    2040     1.77484e-06     1.77676e-06
    2041     1.76292e-06     1.76483e-06
    2042     1.75433e-06     1.75624e-06
    2043     1.72762e-06     1.72952e-06
    2044     1.72014e-06     1.72204e-06
    2045     1.65360e-06     1.65550e-06
    2046     1.64199e-06     1.64389e-06
    2047     1.44006e-06     1.44195e-06
    2048     1.43376e-06     1.43565e-06
